7584 0
12223 1
13362 0
17349 1
27500 0
31501 1
33390 0
37324 1
47499 0
51529 1
53380 0
57323 1
67473 0
71890 1
73362 0
77324 1
87498 0
736893 1
747056 0
751863 1
752850 0
756866 1
767031 0
771463 1
772854 0
776841 1
787014 0
791579 1
792851 0
796814 1
807017 0
811683 1
812820 0
816810 1
826985 0
831422 1
832838 0
836810 1
846990 0
851726 1
852821 0
856798 1
866957 0
871424 1
872810 0
876783 1
886966 0
891779 1
892732 0
896763 1
906951 0
911805 1
912758 0
916744 1
926938 0
931184 1
932786 0
936734 1
946908 0
951237 1
952754 0
956737 1
966888 0
971320 1
972735 0
976702 1
986906 0
991775 1
992713 0
996700 1
1006880 0
1011788 1
1012660 0
1016707 1
1026849 0
1031309 1
1032715 0
1036673 1
1046848 0
1051688 1
1052656 0
1056664 1
1066840 0
1071331 1
1072680 0
1076656 1
1086854 0
1091613 1
1092614 0
1096646 1
1106812 0
1111607 1
1112624 0
1116611 1
1126816 0
1131225 1
1132641 0
1136604 1
1146779 0
1151555 1
1152583 0
1156601 1
1166761 0
1171185 1
1172631 0
1176595 1
1186769 0
1191535 1
1192579 0
1196566 1
1206756 0
1211669 1
1212889 0
1216568 1
1226751 0
1231326 1
1232552 0
1236531 1
1246736 0
1251650 1
1252487 0
1256533 1
1266714 0
1271162 1
1272561 0
1276504 1
1286683 0
1291553 1
1292464 0
1296496 1
1306686 0
1311488 1
1312482 0
1316490 1
1326680 0
1331133 1
1332504 0
1336474 1
1346673 0
1351481 1
1352445 0
1356458 1
1366618 0
1371027 1
1372472 0
1376459 1
1386634 0
1391436 1
1392438 0
1396450 1
1406625 0
1411475 1
1412413 0
1416424 1
1426584 0
1431106 1
1432420 0
1436396 1
1446578 0
1451433 1
1452382 0
1456390 1
1466580 0
1470933 1
1472422 0
1476389 1
1486548 0
1491173 1
1492382 0
1496367 1
1506516 0
1511557 1
1512321 0
1516328 1
1526538 0
1531111 1
1532396 0
1536302 1
1546540 0
1551448 1
1552286 0
1556323 1
1566514 0
1571026 1
1572362 0
1576302 1
1586506 0
1591287 1
1592516 0
1596285 1
1606482 0
1611292 1
1612271 0
1616283 1
1626449 0
1630844 1
1632307 0
1636262 1
1646466 0
1651394 1
1652255 0
1656246 1
1666445 0
1670969 1
1672276 0
1676231 1
1686439 0
1691205 1
1692243 0
1696222 1
1706432 0
1711399 1
1712207 0
1716200 1
1726423 0
1730971 1
1732228 0
1736190 1
1746408 0
1751278 1
1752183 0
1756172 1
1766376 0
1770873 1
1772224 0
1776164 1
1786368 0
1791335 1
1792149 0
1796160 1
1806366 0
1811303 1
1812115 0
1816152 1
1826343 0
1830730 1
1832199 0
1836125 1
1846329 0
1851140 1
1852370 0
1856115 1
1866310 0
1870778 1
1872143 0
1876088 1
1886322 0
1891207 1
1892053 0
1896090 1
1906295 0
1911253 1
1912483 0
1916082 1
1926271 0
1930462 1
1932102 0
1936055 1
1946244 0
1950943 1
1952063 0
1956071 1
1966208 0
1970602 1
1972094 0
1976045 1
1986231 0
1990680 1
1992066 0
1996027 1
2006231 0
2010841 1
2012034 0
2016017 1
2026171 0
2030683 1
2032033 0
2035996 1
2046214 0
2050826 1
2052023 0
2056017 1
2066168 0
2070488 1
2072000 0
2075977 1
2086167 0
2090664 1
2091984 0
2095953 1
2106142 0
2110700 1
2111965 0
2115945 1
2126135 0
2130445 1
2131971 0
2135948 1
2146069 0
2150345 1
2151969 0
2155908 1
2166097 0
2170536 1
2171963 0
2175916 1
2186094 0
2190689 1
2191896 0
2195910 1
2206069 0
2210752 1
2211886 0
2215878 1
2226044 0
2230394 1
2231916 0
2235870 1
2246054 0
2250820 1
2251842 0
2255849 1
2266024 0
2270432 1
2271870 0
2275854 1
2286029 0
2290869 1
2291831 0
2295830 1
2305994 0
2310356 1
2311852 0
2315788 1
2325951 0
2329764 1
2331824 0
2335789 1
2345940 0
2349831 1
2351826 0
2355782 1
2365956 0
2369688 1
2371820 0
2375776 1
2385911 0
2389746 1
2391800 0
2395755 1
2405900 0
2409730 1
2411775 0
2415753 1
2425874 0
2429667 1
2431781 0
2435742 1
2445878 0
2449679 1
2451752 0
2455707 1
2465844 0
2469645 1
2471743 0
2475712 1
2485858 0
2489777 1
2491756 0
2495689 1
2505838 0
2509757 1
2511713 0
2515677 1
2525828 0
2529947 1
2531698 0
2535652 1
2545840 0
2550146 1
2551701 0
2555650 1
2565829 0
2570164 1
2571690 0
2575644 1
2585833 0
2590658 1
2591620 0
2595614 1
2605795 0
2610100 1
2611650 0
2615631 1
2625762 0
2629938 1
2631629 0
2635584 1
2645758 0
2649907 1
2651619 0
2655574 1
2665704 0
2669623 1
2671595 0
2675573 1
2685717 0
2689540 1
2691589 0
2695554 1
2705704 0
2709661 1
2711589 0
2715544 1
2725676 0
2729550 1
2731552 0
2735537 1
2745667 0
2795518 1
2805659 0
2810251 1
2811488 0
2815468 1
2825628 0
2829866 1
2831489 0
2835445 1
2845649 0
2850415 1
2851426 0
2855453 1
2865619 0
2870138 1
2871463 0
2875432 1
2885613 0
2890520 1
2891370 0
2895409 1
2905613 0
2910393 1
2911400 0
2915386 1
2925575 0
2929874 1
2931428 0
2935400 1
2945530 0
2949753 1
2951406 0
2955371 1
2965536 0
2969782 1
2971421 0
2975381 1
2985556 0
2990136 1
2991397 0
2995365 1
3005471 0
3009276 1
3011374 0
3015344 1
3025489 0
3029275 1
3031380 0
3035315 1
3045495 0
3049757 1
3051358 0
3055320 1
3065431 0
3069280 1
3071349 0
3075276 1
3085466 0
3089904 1
3091312 0
3095267 1
3105486 0
3110340 1
3111584 0
3115272 1
3125455 0
3129956 1
3131275 0
3135269 1
3145420 0
3150074 1
3151251 0
3155246 1
3165422 0
3169934 1
3171253 0
3175245 1
3185414 0
3189996 1
3191213 0
3195214 1
3205389 0
3210415 1
3211166 0
3215203 1
3225385 0
3229877 1
3231202 0
3235182 1
3245393 0
3249941 1
3251182 0
3255191 1
3265346 0
3269822 1
3271186 0
3275171 1
3285345 0
3289969 1
3291147 0
3295142 1
3305337 0
3309987 1
3311126 0
3315108 1
3325312 0
3329736 1
3331144 0
3335123 1
3345288 0
3350151 1
3351065 0
3355103 1
3365277 0
3369798 1
3371130 0
3375095 1
3385277 0
3389730 1
3391108 0
3395065 1
3405254 0
3409990 1
3411056 0
3415066 1
3425218 0
3429591 1
3431080 0
3435042 1
3445241 0
3450036 1
3451037 0
3455008 1
3465211 0
3469708 1
3471043 0
3475037 1
3485188 0
3489694 1
3491019 0
3495020 1
3505157 0
3509460 1
3511045 0
3514995 1
3525147 0
3529379 1
3531017 0
3534988 1
3545148 0
3549631 1
3550984 0
3554964 1
3565100 0
3569037 1
3570998 0
3574939 1
3585143 0
3589496 1
3590978 0
3594928 1
3605110 0
3609460 1
3610951 0
3614936 1
3625080 0
3629310 1
3630962 0
3634900 1
3645089 0
3649454 1
3650936 0
3654877 1
3665022 0
3668985 1
3670912 0
3674891 1
3685042 0
3689362 1
3690912 0
3694863 1
3705022 0
3709446 1
3710907 0
3714863 1
3724985 0
3728943 1
3730870 0
3734856 1
3745017 0
3749656 1
3750883 0
3754835 1
3764984 0
3769378 1
3770860 0
3774824 1
3784975 0
3789359 1
3790835 0
3794792 1
3804982 0
3809562 1
3810814 0
3814807 1
3824951 0
3829204 1
3830798 0
3834769 1
3844943 0
3849709 1
3850775 0
3854758 1
3864939 0
3869342 1
3870780 0
3874736 1
3884926 0
3889236 1
3890775 0
3894735 1
3904909 0
3909392 1
3910711 0
3914726 1
3924902 0
3929296 1
3930734 0
3934698 1
3944879 0
3949510 1
3950712 0
3954689 1
3964855 0
3969165 1
3970714 0
3974670 1
3984845 0
3989156 1
3990705 0
3994661 1
4004850 0
4009474 1
4010700 0
4014653 1
4024807 0
4029117 1
4030657 0
4034637 1
4044832 0
4049338 1
4051147 0
4054630 1
4064776 0
4069068 1
4070653 0
4074623 1
4084775 0
4089444 1
4090607 0
4094587 1
4104768 0
4109490 1
4110579 0
4114564 1
4124768 0
4129103 1
4130600 0
4134576 1
4144745 0
4149240 1
4150574 0
4154560 1
4164734 0
4169172 1
4170565 0
4174532 1
4184714 0
4189161 1
4190569 0
4194525 1
4204722 0
4209222 1
4210530 0
4214517 1
4224676 0
4229070 1
4230522 0
4234493 1
4244667 0
4249321 1
4250499 0
4254493 1
4264667 0
4269091 1
4270507 0
4274483 1
4284673 0
4289430 1
4290445 0
4294460 1
4304635 0
4309445 1
4310407 0
4314427 1
4324601 0
4328981 1
4330469 0
4334398 1
4344605 0
4349401 1
4350407 0
4354420 1
4364571 0
4368989 1
4370426 0
4374386 1
4384576 0
4389141 1
4390395 0
4394365 1
4404577 0
4409387 1
4410349 0
4414402 1
4424509 0
4428673 1
4430370 0
4434365 1
4444540 0
4449194 1
4450342 0
4454342 1
4464534 0
4468955 1
4470363 0
4474349 1
4484509 0
4489030 1
4490340 0
4494321 1
4504502 0
4509179 1
4510304 0
4514297 1
4524490 0
4528927 1
4530334 0
4534283 1
4544473 0
4549244 1
4550275 0
4554289 1
4564463 0
4568931 1
4570280 0
4574260 1
4584430 0
4589156 1
4590234 0
4594231 1
4604439 0
4609695 1
4610182 0
4614242 1
4624393 0
4628811 1
4630248 0
4634219 1
4644378 0
4648876 1
4650236 0
4654190 1
4664369 0
4668822 1
4670230 0
4674186 1
4684376 0
4689059 1
4690193 0
4694187 1
4704338 0
4708873 1
4710181 0
4714165 1
4724305 0
4728209 1
4730190 0
4734131 1
4744306 0
4748469 1
4750167 0
4754126 1
4764271 0
4768102 1
4770147 0
4774106 1
4784271 0
4788509 1
4790162 0
4794097 1
4804263 0
4808539 1
4810133 0
4814089 1
4824221 0
4828184 1
4830096 0
4834053 1
4870527 0
4874059 1
4884229 0
4888549 1
4890060 0
4894025 1
4904199 0
4908842 1
4910035 0
4914020 1
4924179 0
4928417 1
4930044 0
4933992 1
4944199 0
4948916 1
4949976 0
4953962 1
4964171 0
4968565 1
4970002 0
4973982 1
4984142 0
4988810 1
4989973 0
4993961 1
