7461 0
11309 1
13323 0
17257 1
27416 0
31283 1
33298 0
37261 1
47406 0
51213 1
53288 0
57244 1
67380 0
71203 1
73286 0
77248 1
87379 0
151139 1
153221 0
157205 1
167326 0
171121 1
173219 0
177182 1
187330 0
191085 1
193213 0
197170 1
207306 0
211085 1
213197 0
217178 1
227283 0
231035 1
233162 0
237148 1
247299 0
251049 1
253191 0
257143 1
267272 0
271080 1
273154 0
277140 1
287261 0
291111 1
293150 0
297104 1
307255 0
311185 1
313150 0
317112 1
327242 0
331040 1
333123 0
337101 1
347201 0
351010 1
353114 0
357058 1
367222 0
371071 1
373075 0
377046 1
387197 0
391006 1
393089 0
397066 1
407196 0
411010 1
413079 0
417050 1
427186 0
431040 1
433088 0
437070 1
447165 0
451003 1
453047 0
457038 1
467158 0
471137 1
473034 0
477027 1
487157 0
491084 1
493040 0
496997 1
507158 0
511131 1
513017 0
517004 1
527154 0
531133 1
533015 0
536967 1
547127 0
551082 1
553009 0
556972 1
567117 0
571006 1
572995 0
576964 1
587084 0
590869 1
592997 0
596939 1
607089 0
610883 1
612966 0
616929 1
627060 0
630859 1
632942 0
636919 1
647071 0
650836 1
652938 0
656901 1
667045 0
670853 1
672942 0
676899 1
687019 0
690827 1
692910 0
696888 1
707017 0
710816 1
712939 0
716886 1
727020 0
730819 1
732902 0
736888 1
747010 0
750848 1
752902 0
756864 1
767009 0
770921 1
772892 0
776855 1
787003 0
790976 1
792872 0
796847 1
806980 0
810862 1
812863 0
816819 1
826970 0
830868 1
832863 0
836796 1
846940 0
850754 1
852837 0
856803 1
866951 0
870834 1
872805 0
876797 1
886912 0
890697 1
892825 0
896782 1
906919 0
910711 1
912795 0
916787 1
926901 0
930724 1
932787 0
936776 1
946906 0
950706 1
952789 0
956752 1
966884 0
970662 1
972766 0
976738 1
986873 0
990653 1
992751 0
996735 1
1006869 0
1010646 1
1012759 0
1016712 1
1026842 0
1030612 1
1032726 0
1036728 1
1046834 0
1050658 1
1052718 0
1056676 1
1066845 0
1070694 1
1072714 0
1076657 1
1086809 0
1090662 1
1092716 0
1096651 1
1106826 0
1110663 1
1112713 0
1116647 1
1126807 0
1130657 1
1132683 0
1136644 1
1146789 0
1150642 1
1152658 0
1156616 1
1166796 0
1170701 1
1172673 0
1176622 1
1186767 0
1190624 1
1192657 0
1196583 1
1206766 0
1210608 1
1212638 0
1216602 1
1226762 0
1230629 1
1232654 0
1236573 1
1246740 0
1250579 1
1252619 0
1256557 1
1266725 0
1270560 1
1272595 0
1276550 1
1286711 0
1290568 1
1292613 0
1296548 1
1306692 0
1310590 1
1312577 0
1316530 1
1326691 0
1330557 1
1332573 0
1336516 1
1346682 0
1350506 1
1352575 0
1356514 1
1366659 0
1370572 1
1372543 0
1376516 1
1386696 0
1390874 1
1392561 0
1396495 1
1406659 0
1410631 1
1412543 0
1416472 1
1426653 0
1430648 1
1432531 0
1436465 1
1446625 0
1450472 1
1452500 0
1456461 1
1466622 0
1470824 1
1472507 0
1476441 1
1486615 0
1490471 1
1492502 0
1496430 1
1506611 0
1510479 1
1512501 0
1516438 1
1526578 0
1530543 1
1532475 0
1536409 1
1546570 0
1550404 1
1552458 0
1556393 1
1566583 0
1570808 1
1572476 0
1576412 1
1586606 0
1591034 1
1592428 0
1596386 1
1606566 0
1610545 1
1612429 0
1616363 1
1626552 0
1630679 1
1632425 0
1636376 1
1646511 0
1650371 1
1652396 0
1656330 1
1666505 0
1670677 1
1672389 0
1676332 1
1686528 0
1690971 1
1692393 0
1696328 1
1706514 0
1710650 1
1712375 0
1716313 1
1726503 0
1730602 1
1732387 0
1736321 1
1746467 0
1750320 1
1752374 0
1756294 1
1766445 0
1770517 1
1772345 0
1776286 1
1786451 0
1790304 1
1792359 0
1796282 1
1806443 0
1810282 1
1812328 0
1816262 1
1826408 0
1830276 1
1832325 0
1836255 1
1846423 0
1850232 1
1852322 0
1856250 1
1866401 0
1870269 1
1872294 0
1876243 1
1886403 0
1890240 1
1892316 0
1896255 1
1906401 0
1910266 1
1912282 0
1916216 1
1926375 0
1930248 1
1932273 0
1936207 1
1946358 0
1950196 1
1952280 0
1956216 1
1966366 0
1970329 1
1972241 0
1976175 1
1986354 0
1990407 1
1992237 0
1996180 1
2006347 0
2010170 1
2012239 0
2016173 1
2026350 0
2030175 1
2032213 0
2036141 1
2046321 0
2050159 1
2052198 0
2056146 1
2066292 0
2070217 1
2072203 0
2076146 1
2086296 0
2090313 1
2092182 0
2096127 1
2106290 0
2110128 1
2112182 0
2116116 1
2126296 0
2130192 1
2132179 0
2136112 1
2146257 0
2150227 1
2152157 0
2156097 1
2166276 0
2170374 1
2172159 0
2176091 1
2186257 0
2190452 1
2192134 0
2196068 1
2206242 0
2210384 1
2212110 0
2271779 1
2272348 0
2276033 1
2286208 0
2290290 1
2292091 0
2296033 1
2306223 0
2310427 1
2312065 0
2315999 1
2326174 0
2330287 1
2332063 0
2335998 1
2346173 0
2350202 1
2352055 0
2356013 1
2366164 0
2370174 1
2372042 0
2375961 1
2386149 0
2390150 1
2392042 0
2395961 1
2406146 0
2410097 1
2412024 0
2415958 1
2426133 0
2430260 1
2432016 0
2435950 1
2446124 0
2450251 1
2452016 0
2455957 1
2466102 0
2470182 1
2472006 0
2475925 1
2486076 0
2490158 1
2491968 0
2495916 1
2506106 0
2510219 1
2511989 0
2515942 1
2526088 0
2530212 1
2531953 0
2535887 1
2546065 0
2550251 1
2551957 0
2555891 1
2566065 0
2570197 1
2571953 0
2575887 1
2586076 0
2590203 1
2591919 0
2595872 1
2606031 0
2610031 1
2611914 0
2615848 1
2626022 0
2629830 1
2631914 0
2635848 1
2646007 0
2649857 1
2651896 0
2655841 1
2665992 0
2669786 1
2671855 0
2675822 1
2685983 0
2689807 1
2691882 0
2695839 1
2705961 0
2709815 1
2711886 0
2715812 1
2725953 0
2729766 1
2731879 0
2735802 1
2745962 0
2749791 1
2751845 0
2755779 1
2765953 0
2769761 1
2771835 0
2775792 1
2785920 0
2789756 1
2791845 0
2795773 1
2805925 0
2809733 1
2811787 0
2815765 1
2825895 0
2829698 1
2831797 0
2835767 1
2845910 0
2849737 1
2851806 0
2855739 1
2865884 0
2869737 1
2871782 0
2875710 1
2885890 0
2889669 1
2891767 0
2895705 1
2905904 0
2909710 1
2911783 0
2915706 1
2925857 0
2929710 1
2931749 0
2935698 1
2945843 0
2949697 1
2951727 0
2955685 1
2965850 0
2969702 1
2971739 0
2975694 1
2985816 0
2989669 1
2991699 0
2995657 1
3005831 0
3009644 1
3011721 0
3015664 1
3025816 0
3029625 1
3031716 0
3035641 1
3045782 0
3049634 1
3051688 0
3055652 1
3065781 0
3069610 1
3071665 0
3075628 1
3085773 0
3089610 1
3091680 0
3095627 1
3105772 0
3109608 1
3111653 0
3115595 1
3125761 0
3129569 1
3131653 0
3135587 1
3145747 0
3149555 1
3151629 0
3155600 1
3165738 0
3169589 1
3171619 0
3175591 1
3185732 0
3189540 1
3191624 0
3195557 1
3205708 0
3209560 1
3211600 0
3215548 1
3225715 0
3229418 1
3231580 0
3235543 1
3245706 0
3249514 1
3251589 0
3255517 1
3265668 0
3269692 1
3271560 0
3275508 1
3285668 0
3289529 1
3291582 0
3295513 1
3305673 0
3309501 1
3311555 0
3315504 1
3325664 0
3329472 1
3331546 0
3335489 1
3345626 0
3349435 1
3351533 0
3355477 1
3365632 0
3369499 1
3371524 0
3375458 1
3385603 0
3389418 1
3391486 0
3395450 1
3405594 0
3409432 1
3411516 0
3415456 1
3425601 0
3429407 1
3431486 0
3435428 1
3445564 0
3449401 1
3451470 0
3455433 1
3465578 0
3469402 1
3471447 0
3475413 1
3485556 0
3489347 1
3491450 0
3495399 1
3505562 0
3509401 1
3511455 0
3515388 1
3525563 0
3529446 1
3531447 0
3535380 1
3545540 0
3549428 1
3551412 0
3555375 1
3565539 0
3569569 1
3571438 0
3575366 1
3585516 0
3589481 1
3591408 0
3595342 1
3605516 0
3609524 1
3611391 0
3615340 1
3625514 0
3629425 1
3631367 0
3635301 1
3645491 0
3649403 1
3651374 0
3655302 1
3665482 0
3669379 1
3671376 0
3675302 1
3685472 0
3689510 1
3691364 0
3695297 1
3705457 0
3709428 1
3711340 0
3715289 1
3725448 0
3729380 1
3731322 0
3735278 1
3745446 0
3749467 1
3751326 0
3755254 1
3765420 0
3769429 1
3771297 0
3775260 1
3785405 0
3789518 1
3791289 0
3795244 1
3805413 0
3809218 1
3811291 0
3815239 1
3825402 0
3829337 1
3831268 0
3835226 1
3845376 0
3849386 1
3851254 0
3855203 1
3865390 0
3869362 1
3871226 0
3875189 1
3885363 0
3889423 1
3891236 0
3895185 1
3905374 0
3909600 1
3911229 0
3915186 1
3925337 0
3929445 1
3931223 0
3935166 1
3945332 0
3949223 1
3951192 0
3955155 1
3965301 0
3969178 1
3971185 0
3975148 1
3985308 0
3989169 1
3991198 0
3995124 1
4005272 0
4009134 1
4011186 0
4015114 1
4025280 0
4029128 1
4031188 0
4035122 1
4045267 0
4049084 1
4051150 0
4055098 1
4065237 0
4069155 1
4071146 0
4075079 1
4085258 0
4089291 1
4091147 0
4095081 1
4105232 0
4109050 1
4111124 0
4115086 1
4125229 0
4128999 1
4131107 0
4135056 1
4145215 0
4149032 1
4151112 0
4155054 1
4165205 0
4169008 1
4171083 0
4175016 1
4185213 0
4189028 1
4191091 0
4195040 1
4205199 0
4209012 1
4211072 0
4215035 1
4225165 0
4228968 1
4231048 0
4235005 1
4245156 0
4249005 1
4251039 0
4254998 1
4265148 0
4268965 1
4271040 0
4274975 1
4285126 0
4288944 1
4291032 0
4294966 1
4305125 0
4308957 1
4371021 0
4374926 1
4385090 0
4388981 1
4390974 0
4394908 1
4405082 0
4408973 1
4410960 0
4414909 1
4425083 0
4428989 1
4430984 0
4434906 1
4445062 0
4449129 1
4450944 0
4454893 1
4465023 0
4468992 1
4470921 0
4474864 1
4485043 0
4489076 1
4490936 0
4494881 1
4505049 0
4509049 1
4510909 0
4514858 1
4525017 0
4529071 1
4530920 0
4534854 1
4545013 0
4548933 1
4550897 0
4554852 1
4564988 0
4568965 1
4570883 0
4574841 1
4585006 0
4589099 1
4590884 0
4594832 1
4604977 0
4609113 1
4610861 0
4614795 1
4624987 0
4629032 1
4630851 0
4634785 1
4644959 0
4648996 1
4650859 0
4654787 1
4664938 0
4669000 1
4670827 0
4674761 1
4684937 0
4689001 1
4690811 0
4694772 1
4704932 0
4709024 1
4710816 0
4714764 1
4724925 0
4728987 1
4730793 0
4734721 1
4744901 0
4748918 1
4751514 0
4754732 1
4764896 0
4768919 1
4770780 0
4774729 1
4784890 0
4788967 1
4790758 0
4794715 1
4804890 0
4809040 1
4810773 0
4814725 1
4824863 0
4828942 1
4830757 0
4834710 1
4844855 0
4848862 1
4850721 0
4854694 1
4864844 0
4868660 1
4870697 0
4874665 1
4884825 0
4888913 1
4890726 0
4894675 1
4904850 0
4908987 1
4910705 0
4914669 1
4924828 0
4928904 1
4930709 0
4934637 1
4944829 0
4948810 1
4950688 0
4954645 1
4964796 0
4968857 1
4970671 0
4974639 1
4984798 0
4988865 1
4990680 0
4994628 1
