8926 0
13339 1
14746 0
18718 1
28926 0
33811 1
34704 0
38691 1
48892 0
53626 1
54714 0
58677 1
68864 0
73405 1
74700 0
78657 1
88858 0
133657 1
134631 0
138624 1
148828 0
153355 1
154651 0
158608 1
168825 0
173299 1
174647 0
178610 1
188797 0
193600 1
194591 0
198568 1
208748 0
212817 1
214596 0
218559 1
228783 0
233628 1
234560 0
238561 1
248753 0
253256 1
254590 0
258552 1
268730 0
273058 1
274582 0
278527 1
288704 0
292977 1
294585 0
298527 1
308691 0
312944 1
314552 0
318485 1
328687 0
333072 1
334538 0
338496 1
348663 0
353101 1
354509 0
358471 1
368631 0
372497 1
374512 0
378469 1
388604 0
392411 1
394494 0
398442 1
408602 0
412444 1
414468 0
418415 1
428588 0
432395 1
434479 0
438412 1
448572 0
452384 1
454458 0
458400 1
468565 0
472390 1
474443 0
478391 1
488571 0
492360 1
494447 0
498384 1
508544 0
512386 1
514410 0
518373 1
528547 0
532746 1
534383 0
538340 1
548520 0
552832 1
554394 0
558342 1
568526 0
572896 1
574386 0
578334 1
588523 0
593027 1
594346 0
598308 1
608482 0
612565 1
614320 0
618292 1
628470 0
632799 1
634347 0
638289 1
648483 0
652841 1
654316 0
658294 1
668452 0
672653 1
674305 0
678268 1
688427 0
692681 1
694322 0
698266 1
708400 0
712297 1
714283 0
718240 1
728419 0
732704 1
734252 0
738230 1
748389 0
752923 1
754242 0
758204 1
768363 0
772553 1
774238 0
778198 1
788356 0
792743 1
794213 0
798201 1
808321 0
812308 1
814206 0
818168 1
828299 0
832098 1
834212 0
838152 1
848295 0
852096 1
854179 0
858142 1
868316 0
872674 1
874170 0
878142 1
888308 0
893039 1
894127 0
898105 1
908280 0
912582 1
914148 0
918123 1
928282 0
932757 1
934120 0
938098 1
948228 0
952066 1
954111 0
958071 1
968222 0
972290 1
974114 0
978076 1
988227 0
992419 1
994086 0
998063 1
1008182 0
1011983 1
1014067 0
1018045 1
1028220 0
1032897 1
1034045 0
1038032 1
1048207 0
1052705 1
1054043 0
1058028 1
1068178 0
1072864 1
1074013 0
1078006 1
1088180 0
1092724 1
1094005 0
1097968 1
1108128 0
1112158 1
1114002 0
1117933 1
1128124 0
1132657 1
1133982 0
1137969 1
1148120 0
1152175 1
1154003 0
1157937 1
1168112 0
1172269 1
1173980 0
1177929 1
1188109 0
1192571 1
1193949 0
1197928 1
1208088 0
1212275 1
1213958 0
1217901 1
1228052 0
1232135 1
1233934 0
1237905 1
1248070 0
1252366 1
1253916 0
1257895 1
1268030 0
1272031 1
1273899 0
1277863 1
1288008 0
1292032 1
1293906 0
1297864 1
1308028 0
1312210 1
1313867 0
1317854 1
1328005 0
1332185 1
1333853 0
1337832 1
1347977 0
1352222 1
1353860 0
1357824 1
1367955 0
1371938 1
1373838 0
1377799 1
1387977 0
1392320 1
1393832 0
1397790 1
1407970 0
1412194 1
1413833 0
1417767 1
1427942 0
1432316 1
1433805 0
1437766 1
1447940 0
1452245 1
1453795 0
1457759 1
1467908 0
1472192 1
1473792 0
1477750 1
1487901 0
1492273 1
1493778 0
1497741 1
1507911 0
1512301 1
1513763 0
1517726 1
1527901 0
1532549 1
1533653 0
1537690 1
1547894 0
1552526 1
1553704 0
1557699 1
1567834 0
1572106 1
1573700 0
1577673 1
1587838 0
1592641 1
1593662 0
1597664 1
1607839 0
1612259 1
1613697 0
1617660 1
1627848 0
1632736 1
1633614 0
1637651 1
1647826 0
1652556 1
1653637 0
1657624 1
1667804 0
1672504 1
1673623 0
1677591 1
1687794 0
1692558 1
1693601 0
1697615 1
1707764 0
1712136 1
1713618 0
1717582 1
1727771 0
1732604 1
1733566 0
1737583 1
1747764 0
1752388 1
1753565 0
1757579 1
1767730 0
1772200 1
1773579 0
1777557 1
1787732 0
1792467 1
1793527 0
1797524 1
1807698 0
1812182 1
1813565 0
1817517 1
1827696 0
1832255 1
1833525 0
1837512 1
1847693 0
1852237 1
1853512 0
1857490 1
1867665 0
1872111 1
1873520 0
1877468 1
1887664 0
1892411 1
1893471 0
1897453 1
1907658 0
1912076 1
1913484 0
1917457 1
1927622 0
1932136 1
1933485 0
1937464 1
1947631 0
1952128 1
1953467 0
1957445 1
1967590 0
1971880 1
1973445 0
1977408 1
1987598 0
1992083 1
1993453 0
1997411 1
2007532 0
2011395 1
2013424 0
2017408 1
2027559 0
2032151 1
2033396 0
2037374 1
2047578 0
2052225 1
2053388 0
2057389 1
2067526 0
2071579 1
2073386 0
2077375 1
2087524 0
2092156 1
2093363 0
2097335 1
2107501 0
2111873 1
2113349 0
2117312 1
2127516 0
2132119 1
2133359 0
2137306 1
2147488 0
2152076 1
2153327 0
2157309 1
2167455 0
2171628 1
2173340 0
2177282 1
2187487 0
2192006 1
2193311 0
2231836 1
2233309 0
2237249 1
2247429 0
2251639 1
2253280 0
2257244 1
2267364 0
2271501 1
2273257 0
2277235 1
2287394 0
2291759 1
2293244 0
2297204 1
2307364 0
2311120 1
2313247 0
2317209 1
2327331 0
2331080 1
2333222 0
2337200 1
2347330 0
2351027 1
2353192 0
2357177 1
2367316 0
2371296 1
2373208 0
2377142 1
2387347 0
2391749 1
2393186 0
2397144 1
2407309 0
2411489 1
2413171 0
2417145 1
2427314 0
2431623 1
2433138 0
2437111 1
2447314 0
2451589 1
2453153 0
2457102 1
2467261 0
2471462 1
2473115 0
2477102 1
2487267 0
2491639 1
2493113 0
2497071 1
2507251 0
2511475 1
2513281 0
2517076 1
2527221 0
2531392 1
2533104 0
2537062 1
2547236 0
2551533 1
2553072 0
2557042 1
2567192 0
2571431 1
2573073 0
2577036 1
2587182 0
2591456 1
2593065 0
2597023 1
2607148 0
2610983 1
2613031 0
2616995 1
2627155 0
2631426 1
2633040 0
2636969 1
2647150 0
2651349 1
2653017 0
2656995 1
2667140 0
2671312 1
2673008 0
2676971 1
2687149 0
2691654 1
2692973 0
2696966 1
2707140 0
2711483 1
2712979 0
2716937 1
2727142 0
2731847 1
2732911 0
2736940 1
2747105 0
2751646 1
2752935 0
2756903 1
2767107 0
2771554 1
2772933 0
2776920 1
2787085 0
2791859 1
2792880 0
2796897 1
2807061 0
2811414 1
2812900 0
2816872 1
2827075 0
2831810 1
2832855 0
2836837 1
2847041 0
2851673 1
2852865 0
2856852 1
2867018 0
2871487 1
2872863 0
2876827 1
2887031 0
2891790 1
2892811 0
2896827 1
2907016 0
2911374 1
2912840 0
2916819 1
2926978 0
2931775 1
2932780 0
2936794 1
2946968 0
2951570 1
2952807 0
2956789 1
2966963 0
2971477 1
2972799 0
2976786 1
2986976 0
2991799 1
2993029 0
2996758 1
3006914 0
3011300 1
3012791 0
3016729 1
3026932 0
3031667 1
3032741 0
3036749 1
3046909 0
3051698 1
3052705 0
3056719 1
3066900 0
3071500 1
3072707 0
3076700 1
3086903 0
3091852 1
3092672 0
3096689 1
3106878 0
3111383 1
3112702 0
3116666 1
3126877 0
3131804 1
3132643 0
3136660 1
3146864 0
3151712 1
3152644 0
3156637 1
3166841 0
3171527 1
3172640 0
3176627 1
3186835 0
3191770 1
3192608 0
3196621 1
3206801 0
3211300 1
3212663 0
3216601 1
3226805 0
3231726 1
3232600 0
3236602 1
3246796 0
3251657 1
3252567 0
3256576 1
3266765 0
3271250 1
3272589 0
3276562 1
3286766 0
3291500 1
3292560 0
3296553 1
3306743 0
3311258 1
3312586 0
3316548 1
3326730 0
3331451 1
3332540 0
3336541 1
3346722 0
3351251 1
3352571 0
3356519 1
3366698 0
3370772 1
3372551 0
3376499 1
3386667 0
3390644 1
3392556 0
3396490 1
3406649 0
3410703 1
3412522 0
3416455 1
3426630 0
3430541 1
3432507 0
3436455 1
3446645 0
3450807 1
3452483 0
3456455 1
3466644 0
3471134 1
3472457 0
3476420 1
3486624 0
3491515 1
3492403 0
3496420 1
3506601 0
3511078 1
3512445 0
3516406 1
3526596 0
3531154 1
3532420 0
3536392 1
3546596 0
3551490 1
3552393 0
3556386 1
3566560 0
3571139 1
3572390 0
3576350 1
3586539 0
3590940 1
3592422 0
3596355 1
3606500 0
3610339 1
3612407 0
3616345 1
3626536 0
3630996 1
3632374 0
3636322 1
3646507 0
3650673 1
3652385 0
3656318 1
3666463 0
3670281 1
3672350 0
3676298 1
3686443 0
3690296 1
3692327 0
3696291 1
3706442 0
3710263 1
3712312 0
3716270 1
3726435 0
3730444 1
3732312 0
3736275 1
3746435 0
3750377 1
3752289 0
3756247 1
3766411 0
3770274 1
3772279 0
3776231 1
3786450 0
3791268 1
3792200 0
3796217 1
3806421 0
3810897 1
3812246 0
3816195 1
3826413 0
3831319 1
3832199 0
3836208 1
3846412 0
3851201 1
3852163 0
3856185 1
3866389 0
3871319 1
3872169 0
3876170 1
3886374 0
3891332 1
3892136 0
3896150 1
3906330 0
3910844 1
3912163 0
3916141 1
3926345 0
3931236 1
3932125 0
3936126 1
3946321 0
3950835 1
3952166 0
3956114 1
3966292 0
3970546 1
3972145 0
3976103 1
3986296 0
3990526 1
3992119 0
3996083 1
4006227 0
4010109 1
4012110 0
4016059 1
4026255 0
4030285 1
4032095 0
4036043 1
4046217 0
4050144 1
4052101 0
4056044 1
4066194 0
4070115 1
4072086 0
4076034 1
4086198 0
4090235 1
4092048 0
4096012 1
4106186 0
4110157 1
4112040 0
4116003 1
4126164 0
4130381 1
4132048 0
4135976 1
4146157 0
4150406 1
4152019 0
4155974 1
4166155 0
4170223 1
4172007 0
4175970 1
4186129 0
4190213 1
4192013 0
4195942 1
4206096 0
4210075 1
4211986 0
4215911 1
4226111 0
4230151 1
4231961 0
4235909 1
4246084 0
4250212 1
4251968 0
4255902 1
4266092 0
4270189 1
4307155 0
4310023 1
4311906 0
4315848 1
4326039 0
4330153 1
4331909 0
4335842 1
4346017 0
4350071 1
4351886 0
4355829 1
4366006 0
4369913 1
4371874 0
4375831 1
4385986 0
4390054 1
4391879 0
4395812 1
4405987 0
4410202 1
4411840 0
4415788 1
4425963 0
4430026 1
4431837 0
4435767 1
4445946 0
4450015 1
4451801 0
4455773 1
4465923 0
4470051 1
4471801 0
4475750 1
4485924 0
4489983 1
4491795 0
4495739 1
4505919 0
4509849 1
4511777 0
4515725 1
4525885 0
4529738 1
4531768 0
4535711 1
4545891 0
4550004 1
4551739 0
4555716 1
4565885 0
4570054 1
4571745 0
4575679 1
4585858 0
4589888 1
4591741 0
4595675 1
4605820 0
4609791 1
4611703 0
4615670 1
4625818 0
4629927 1
4631702 0
4635659 1
4645809 0
4649951 1
4651663 0
4655620 1
4665810 0
4670011 1
4671678 0
4675612 1
4685816 0
4690016 1
4691643 0
4695606 1
4705780 0
4709848 1
4711663 0
4715610 1
4725760 0
4729887 1
4731637 0
4735571 1
4745746 0
4750093 1
4751606 0
4755561 1
4765742 0
4770099 1
4771589 0
4775538 1
4785742 0
4790069 1
4791595 0
4795538 1
4805688 0
4809815 1
4811582 0
4815534 1
4825683 0
4829610 1
4831567 0
4835514 1
4845679 0
4849963 1
4851527 0
4855490 1
4865650 0
4869635 1
4871533 0
4875484 1
4885646 0
4889717 1
4891511 0
4895479 1
4905624 0
4909447 1
4911522 0
4915465 1
4925615 0
4929424 1
4931493 0
4935469 1
4945608 0
4949844 1
4951467 0
4955431 1
4965594 0
4969565 1
4971463 0
4975397 1
4985601 0
4990188 1
4991410 0
4995397 1
5005612 0
5010053 1
5011436 0
5015393 1
5025573 0
5030259 1
5031407 0
5035389 1
5045579 0
5050456 1
5051344 0
5055366 1
5065571 0
5070363 1
5071372 0
5075332 1
5085536 0
5090197 1
5091360 0
5095332 1
5105512 0
5110011 1
5111360 0
5115323 1
5125527 0
5130163 1
5131409 0
5135302 1
5145510 0
5150099 1
5151335 0
5155288 1
5165477 0
5170064 1
5171301 0
5175288 1
5185492 0
5190339 1
5191272 0
5195271 1
5205461 0
5209913 1
5211297 0
5215255 1
5225463 0
5230154 1
5231214 0
5235236 1
5245454 0
5250360 1
5251234 0
5255238 1
5265437 0
5270109 1
5271257 0
5275215 1
5285399 0
5290099 1
5291223 0
5295195 1
5305399 0
5309904 1
5311223 0
5315187 1
5325405 0
5330219 1
5331185 0
5335163 1
5345366 0
5350355 1
5351146 0
5355163 1
5365343 0
5369921 1
5371181 0
5375159 1
5385363 0
5390368 1
5391081 0
5395124 1
5405327 0
5409792 1
5411155 0
5415119 1
5425322 0
5430140 1
5431102 0
5435104 1
5445299 0
5450349 1
5451559 0
5455088 1
5465288 0
5469835 1
5471101 0
5475088 1
5485292 0
5490286 1
5491042 0
5495049 1
5505268 0
5509699 1
5511092 0
5515060 1
5525254 0
5529869 1
5531061 0
5535048 1
5545229 0
5549743 1
5551066 0
5555014 1
5565204 0
5569605 1
5571057 0
5575030 1
5585216 0
5589702 1
5591022 0
5594985 1
5605189 0
5609487 1
5611031 0
5614989 1
5625169 0
5629712 1
5630964 0
5634966 1
5645199 0
5649700 1
5650985 0
5654957 1
5665162 0
5669357 1
5671000 0
5674948 1
5685138 0
5689941 1
5690933 0
5694949 1
5705130 0
5709621 1
5710930 0
5714920 1
5725124 0
5729943 1
5730924 0
5734896 1
5745101 0
5750051 1
5750895 0
5754903 1
5765092 0
5769797 1
5771024 0
5774879 1
5785091 0
5790109 1
5790871 0
5794887 1
5805053 0
5809611 1
5810891 0
5814849 1
5825054 0
5830005 1
5830805 0
5834845 1
5845052 0
5849754 1
5850858 0
5854821 1
5865026 0
5869486 1
5870849 0
5874822 1
5885017 0
5889977 1
5890767 0
5894824 1
5904992 0
5909420 1
5911230 0
5914786 1
5924991 0
5929931 1
5930731 0
5934777 1
5944987 0
5949917 1
5950737 0
5954769 1
5964984 0
5970013 1
5970704 0
5974750 1
5984955 0
5989980 1
5990682 0
5994714 1
6004918 0
6009432 1
6010757 0
6014714 1
6024895 0
6029416 1
6030744 0
6034713 1
6044923 0
6049595 1
6050689 0
6054706 1
6064896 0
6069404 1
6070724 0
6074672 1
6084861 0
6089419 1
6090709 0
6094672 1
6104850 0
6109187 1
6110704 0
6114647 1
6124846 0
6129309 1
6130679 0
6134642 1
6144846 0
6149389 1
6150655 0
6154643 1
6164813 0
6169035 1
6170649 0
6174613 1
6184816 0
6189369 1
6190640 0
6194583 1
6204782 0
6208902 1
6210643 0
6214587 1
6224755 0
6229260 1
6230606 0
6234563 1
6244783 0
6249678 1
6250581 0
6254574 1
6264749 0
6269160 1
6270603 0
6274546 1
6284784 0
6289746 1
6290521 0
6294528 1
6304747 0
6309285 1
6310572 0
6314529 1
6324718 0
6329409 1
6330513 0
6334506 1
6344711 0
6383297 1
6384686 0
6389717 1
6390464 0
6394465 1
6404655 0
6409188 1
6410498 0
6414462 1
6424666 0
6429248 1
6430474 0
6434453 1
6444643 0
6449702 1
6450420 0
6454466 1
6464616 0
6469212 1
6470449 0
6474412 1
6484630 0
6489663 1
6490414 0
6494407 1
6504620 0
6509019 1
6510437 0
6514401 1
6524576 0
6528971 1
6530428 0
6534386 1
6544553 0
6548785 1
6550428 0
6554362 1
6564567 0
6568985 1
6570401 0
6574347 1
6584551 0
6589084 1
6590380 0
6594344 1
6604518 0
6608943 1
6610402 0
6614330 1
6624510 0
6628669 1
6630384 0
6634314 1
6644513 0
6648902 1
6650360 0
6654308 1
6664482 0
6668691 1
6670335 0
6674287 1
6684506 0
6689397 1
6690286 0
6694283 1
6704474 0
6708950 1
6710325 0
6714268 1
6724487 0
6729265 1
6730248 0
6734250 1
6744468 0
6749448 1
6750248 0
6754243 1
6764436 0
6769000 1
6770270 0
6774218 1
6784407 0
6788835 1
6790263 0
6794206 1
6804424 0
6808892 1
6810261 0
6814210 1
6824424 0
6829306 1
6830209 0
6834196 1
6844400 0
6849100 1
6850209 0
6854187 1
6864376 0
6868755 1
6870252 0
6874156 1
6884360 0
6888794 1
6890207 0
6894180 1
6904331 0
6908696 1
6910193 0
6914156 1
6924331 0
6928681 1
6930197 0
6934131 1
6944305 0
6948395 1
6950190 0
6954117 1
6964251 0
6968156 1
6970149 0
6974121 1
6984295 0
6988635 1
6990152 0
6994115 1
7004275 0
7008581 1
7010128 0
7014096 1
7024272 0
7028722 1
7030121 0
7034079 1
7044263 0
7048902 1
7050086 0
7054058 1
7064234 0
7068613 1
7070101 0
7074067 1
7084230 0
7088866 1
7090064 0
7094057 1
7104202 0
7108567 1
7110088 0
7114017 1
7124227 0
7128845 1
7130029 0
7134037 1
7144210 0
7148762 1
7150024 0
7154011 1
7164132 0
7168178 1
7170055 0
7174008 1
7184182 0
7188605 1
7190020 0
7193977 1
7204129 0
7208126 1
7210018 0
7213972 1
7224139 0
7228415 1
7229991 0
7233954 1
7244129 0
7248352 1
7249983 0
7253947 1
7264121 0
7268338 1
7269977 0
7273937 1
7284101 0
7288666 1
7289923 0
7293910 1
7304090 0
7308426 1
7309954 0
7313903 1
7324037 0
7328289 1
7329921 0
7333912 1
7344061 0
7348555 1
7349916 0
7353880 1
7364055 0
7368120 1
7369913 0
7373870 1
7384051 0
7388714 1
7389854 0
7393886 1
7404030 0
7408381 1
7409893 0
7413842 1
7424016 0
7428425 1
7429885 0
7433833 1
7444022 0
7448729 1
7449816 0
7453832 1
7464001 0
7468328 1
7469836 0
7473808 1
7483989 0
7488666 1
7489820 0
7493798 1
7503988 0
7508352 1
7509813 0
7513800 1
7523951 0
7528406 1
7529811 0
7533771 1
7543975 0
7548618 1
7549787 0
7553745 1
7563939 0
7568260 1
7569788 0
7573737 1
7583926 0
7588594 1
7589812 0
7593742 1
7603911 0
7608265 1
7609783 0
7613732 1
7623913 0
7628608 1
7629732 0
7633725 1
7643885 0
7648696 1
7649707 0
7653713 1
7663881 0
7668258 1
7669732 0
7673690 1
7683885 0
7688837 1
7689649 0
7693725 1
7703856 0
7708153 1
7709680 0
7713683 1
7723841 0
7728321 1
7729677 0
7733640 1
7743845 0
7748714 1
7749624 0
7753655 1
7763812 0
7768216 1
7769645 0
7773623 1
7783823 0
7788584 1
7789615 0
7793606 1
7803810 0
7808219 1
7809649 0
7813627 1
7823803 0
7828510 1
7829581 0
7833598 1
7843748 0
7848562 1
7849578 0
7853591 1
7863776 0
7868468 1
7869571 0
7873588 1
7883747 0
7888445 1
7889543 0
7893565 1
7903739 0
7908104 1
7909606 0
7913536 1
7923714 0
7927923 1
7929568 0
7933525 1
7943706 0
7948257 1
7949539 0
7953532 1
7963678 0
7968057 1
7969560 0
7973519 1
7983704 0
7988281 1
7989525 0
7993488 1
8003678 0
8008028 1
8009532 0
8013489 1
8023679 0
8028318 1
8029474 0
8033470 1
8043677 0
8048402 1
8049469 0
8053433 1
8063636 0
8067986 1
8069490 0
8073462 1
8083627 0
8088349 1
8089437 0
8093394 1
8103584 0
8108044 1
8109463 0
8113395 1
8123616 0
8128486 1
8129395 0
8133417 1
8143577 0
8148030 1
8149460 0
8153388 1
8163568 0
8167742 1
8169428 0
8173359 1
8183538 0
8187628 1
8189421 0
8193364 1
8203529 0
8207658 1
8209421 0
8213355 1
8223559 0
8228257 1
8229484 0
8233331 1
8243554 0
8248536 1
8249312 0
8253293 1
8263526 0
8268003 1
8269353 0
8273320 1
8283524 0
8288007 1
8289361 0
8293313 1
8303504 0
8307969 1
8309349 0
8313285 1
8323489 0
8328173 1
8329293 0
8333257 1
8343482 0
8348434 1
8349280 0
8353273 1
8363460 0
8367606 1
8369314 0
8373269 1
8383429 0
8388186 1
8389262 0
8393244 1
8403433 0
8407798 1
8409281 0
8413245 1
8452955 0
8453516 1
8463396 0
8467717 1
8469253 0
8473206 1
8483396 0
8488236 1
8489170 0
8493184 1
8503358 0
8508095 1
8509318 0
8513184 1
8523362 0
8527853 1
8529210 0
8533171 1
8543361 0
8548044 1
8549179 0
8553149 1
8563323 0
8567600 1
8569171 0
8573160 1
8583317 0
8587812 1
8589148 0
8593117 1
8603292 0
8607627 1
8609164 0
8613104 1
8623293 0
8627643 1
8629141 0
8633124 1
8643298 0
8647935 1
8649118 0
8653102 1
8663261 0
8667582 1
8669109 0
8673088 1
8683253 0
8687834 1
8689086 0
8693050 1
8703253 0
8707589 1
8709106 0
8713040 1
8723219 0
8727711 1
8729080 0
8733035 1
8743225 0
8748079 1
8749013 0
8753032 1
8763212 0
8767572 1
8769037 0
8773003 1
8783208 0
8788004 1
8789012 0
8793003 1
8803178 0
8807587 1
8809026 0
8812996 1
8823156 0
8827839 1
8829081 0
8832979 1
8843173 0
8847916 1
8848977 0
8852960 1
8863120 0
8867455 1
8869010 0
8872965 1
8883126 0
8887363 1
8888973 0
8892952 1
8903121 0
8907483 1
8908975 0
8912932 1
8923106 0
8927471 1
8928954 0
8932907 1
8943110 0
8947876 1
8948912 0
8952915 1
8963076 0
8967527 1
8968940 0
8972873 1
8983082 0
8987775 1
8988908 0
8992862 1
9003051 0
9007519 1
9008897 0
9012853 1
9023076 0
9027770 1
9028892 0
9032832 1
9043051 0
9047935 1
9048842 0
9052836 1
9063025 0
9067479 1
9068872 0
9072826 1
9083015 0
9087021 1
9088833 0
9092799 1
9102977 0
9107342 1
9108838 0
9112793 1
9122924 0
9126725 1
9128838 0
9132794 1
9142915 0
9146687 1
9148844 0
9152787 1
9162912 0
9166669 1
9168797 0
9172767 1
9182946 0
9187281 1
9188792 0
9192757 1
9202907 0
9207140 1
9208792 0
9212760 1
9222884 0
9227143 1
9228776 0
9232724 1
9242905 0
9247211 1
9248761 0
9252715 1
9262845 0
9266838 1
9268765 0
9272702 1
9282879 0
9287290 1
9288727 0
9292696 1
9302841 0
9307073 1
9308716 0
9312695 1
9322816 0
9326936 1
9328686 0
9332707 1
9342857 0
9347397 1
9348697 0
9352661 1
9362812 0
9367118 1
9368683 0
9372652 1
9382812 0
9387554 1
9388629 0
9392628 1
9402802 0
9407244 1
9408665 0
9412617 1
9422791 0
9427190 1
9428627 0
9432620 1
9442770 0
9447521 1
9448572 0
9452584 1
9462759 0
9467138 1
9468633 0
9472554 1
9482762 0
9487519 1
9488568 0
9492556 1
9502730 0
9507184 1
9508591 0
9512555 1
9522706 0
9527153 1
9528561 0
9532542 1
9542733 0
9547378 1
9548532 0
9552527 1
9562705 0
9567099 1
9568536 0
9572521 1
9582696 0
9587120 1
9588528 0
9592503 1
9602671 0
9607096 1
9608519 0
9612482 1
9622662 0
9627066 1
9628503 0
9632487 1
9642662 0
9647428 1
9648434 0
9652472 1
9662648 0
9667082 1
9668494 0
9672449 1
9682638 0
9687463 1
9688429 0
9692439 1
9702604 0
9707066 1
9708459 0
9712416 1
9722591 0
9727196 1
9728419 0
9732411 1
9742601 0
9747343 1
9748392 0
9752407 1
9762566 0
9766990 1
9768412 0
9772377 1
9782557 0
9787235 1
9788445 0
9792373 1
9802557 0
9807019 1
9808383 0
9812372 1
9822531 0
9827327 1
9828333 0
9832349 1
9842523 0
9847363 1
9848296 0
9852332 1
9862515 0
9866877 1
9868358 0
9872308 1
9882503 0
9887302 1
9888303 0
9892303 1
9902463 0
9906931 1
9908309 0
9912290 1
9922461 0
9926941 1
9928319 0
9932278 1
9942467 0
9947337 1
9948254 0
9952278 1
9962429 0
9966862 1
9968270 0
9972255 1
9982460 0
9987198 1
9988223 0
9992241 1
10002416 0
10006885 1
10008249 0
10012236 1
10022396 0
10027133 1
10028229 0
10032210 1
10042405 0
10047212 1
10048164 0
10052180 1
10062385 0
10066736 1
10068227 0
10072199 1
10082350 0
10086774 1
10088198 0
10092169 1
10102340 0
10106641 1
10108211 0
10112167 1
10122318 0
10126380 1
10128181 0
10132138 1
10142313 0
10146634 1
10148161 0
10152127 1
10162297 0
10166428 1
10168145 0
10172111 1
10182296 0
10186714 1
10188153 0
10192081 1
10202285 0
10206592 1
10208119 0
10212089 1
10222252 0
10226547 1
10228112 0
10232068 1
10242230 0
10246567 1
10248112 0
10252048 1
10262230 0
10266448 1
10268087 0
10272080 1
10282229 0
10286650 1
10288074 0
10292040 1
10302191 0
10306546 1
10308067 0
10312008 1
10322213 0
10326519 1
10328060 0
10332013 1
10342182 0
10346547 1
10348015 0
10352005 1
10362151 0
10366375 1
10368014 0
10371980 1
10382186 0
10386566 1
10388018 0
10391970 1
10402156 0
10406477 1
10407983 0
10411973 1
10422119 0
10426730 1
10427953 0
10431939 1
10442144 0
10446725 1
10487937 0
10491907 1
10502056 0
10506540 1
10507934 0
10511891 1
10522081 0
10526544 1
10527915 0
10531865 1
10542046 0
10546839 1
10547849 0
10551870 1
10562022 0
10566372 1
10567878 0
10571836 1
10582040 0
10586739 1
10587844 0
10591868 1
10602020 0
10606494 1
10607855 0
10611827 1
10621988 0
10626583 1
10627821 0
10631817 1
10641999 0
10646707 1
10647802 0
10651798 1
10661992 0
10666374 1
10667816 0
10671797 1
10681948 0
10686745 1
10687746 0
10691763 1
10701953 0
10706363 1
10707801 0
10711767 1
10721907 0
10725681 1
10727785 0
10731741 1
10741858 0
10745621 1
10747765 0
10751730 1
10761881 0
10765810 1
10767768 0
10771710 1
10781866 0
10785673 1
10787747 0
10791704 1
10801850 0
10805956 1
10807728 0
10811699 1
10821845 0
10825981 1
10827747 0
10831679 1
10841818 0
10845847 1
10847707 0
10851659 1
10861811 0
10865917 1
10867683 0
10871655 1
10881815 0
10885824 1
10887664 0
10891649 1
10901778 0
10905763 1
10907677 0
10911633 1
10921750 0
10925596 1
10927642 0
10931623 1
10941750 0
10945626 1
10947661 0
10951598 1
10961747 0
10965481 1
10967625 0
10971591 1
10981717 0
10985646 1
10987604 0
10991561 1
11001707 0
11005745 1
11007614 0
11011567 1
11021720 0
11025684 1
11027598 0
11031555 1
11041686 0
11045532 1
11047563 0
11051528 1
11061685 0
11065846 1
11067573 0
11071526 1
11081676 0
11085684 1
11087524 0
11091497 1
11101672 0
11105704 1
11107535 0
11111490 1
11121643 0
11125656 1
11127512 0
11131490 1
11141642 0
11145675 1
11147514 0
11151456 1
11161608 0
11165640 1
11167495 0
11171457 1
11181602 0
11185667 1
11187471 0
11191429 1
11201576 0
11205584 1
11207453 0
11211434 1
11221571 0
11225589 1
11227458 0
11231414 1
11241574 0
11245537 1
11247430 0
11251392 1
11261543 0
11265521 1
11267419 0
11271391 1
11281537 0
11285599 1
11287400 0
11291356 1
11301527 0
11305539 1
11307397 0
11311355 1
11321505 0
11325552 1
11327368 0
11331348 1
11341501 0
11345577 1
11347358 0
11351329 1
11361493 0
11365420 1
11367366 0
11371324 1
11381469 0
11385561 1
11387332 0
11391319 1
11401469 0
11405486 1
11407317 0
11411282 1
11421447 0
11425475 1
11427325 0
11431260 1
11441412 0
11445415 1
11447303 0
11451274 1
11461421 0
11465513 1
11467284 0
11471265 1
11481399 0
11485477 1
11487287 0
11491244 1
11501376 0
11505325 1
11507268 0
11511218 1
11521371 0
11525491 1
11527257 0
11531228 1
11541368 0
11545716 1
11547257 0
11551208 1
11561346 0
11565422 1
11567233 0
11571204 1
11581364 0
11585642 1
11587207 0
11591175 1
11601324 0
11605200 1
11607217 0
11611173 1
11621333 0
11625885 1
11627182 0
11631147 1
11641337 0
11645532 1
11647196 0
11651141 1
11661268 0
11665501 1
11667154 0
11671111 1
11681290 0
11685499 1
11687124 0
11691110 1
11701270 0
11705435 1
11707136 0
11711103 1
11721261 0
11725440 1
11727124 0
11731089 1
11741256 0
11745704 1
11747083 0
11751054 1
11761229 0
11765481 1
11767093 0
11771047 1
11781230 0
11785640 1
11787064 0
11791051 1
11801225 0
11805718 1
11807073 0
11811039 1
11821176 0
11824988 1
11827059 0
11831014 1
11841145 0
11844947 1
11847038 0
11851018 1
11861140 0
11864912 1
11867012 0
11870983 1
11881133 0
11884953 1
11887016 0
11890984 1
11901101 0
11904894 1
11906993 0
11910973 1
11921096 0
11924883 1
11926974 0
11930968 1
11941101 0
11944939 1
11946974 0
11950940 1
11961091 0
11964967 1
11966952 0
11970939 1
11981099 0
11985636 1
11986918 0
11990913 1
12001077 0
12005461 1
12006947 0
12010903 1
12021083 0
12025345 1
12026916 0
12030896 1
12041062 0
12045682 1
12046890 0
12050876 1
12061040 0
12065162 1
12066888 0
12070845 1
12081020 0
12085356 1
12086853 0
12090839 1
12101018 0
12105481 1
12106851 0
12110846 1
12121000 0
12125333 1
12126846 0
12130812 1
12141007 0
12145474 1
12146839 0
12150810 1
12160956 0
12165194 1
12166819 0
12170816 1
12180957 0
12185541 1
12186788 0
12190773 1
12200949 0
12205226 1
12206812 0
12210763 1
12220959 0
12225530 1
12226793 0
12230761 1
12240917 0
12245342 1
12246789 0
12250746 1
12260882 0
12264855 1
12266772 0
12270729 1
12280919 0
12285530 1
12286777 0
12290736 1
12300886 0
12305266 1
12306763 0
12310705 1
12320881 0
12325084 1
12326753 0
12330694 1
12340870 0
12345354 1
12400849 0
12405372 1
12406672 0
12410629 1
12420819 0
12425214 1
12426667 0
12430633 1
12440808 0
12445351 1
12446616 0
12450617 1
12460756 0
12465074 1
12466639 0
12470600 1
12480776 0
12485372 1
12486609 0
12490597 1
12500757 0
12505211 1
12506620 0
12510568 1
12520748 0
12525246 1
12526581 0
12530538 1
12540744 0
12545281 1
12546577 0
12550557 1
12560709 0
12564912 1
12566577 0
12570530 1
12580730 0
12585408 1
12586519 0
12590503 1
12600709 0
12605207 1
12606542 0
12610529 1
12620646 0
12624380 1
12626567 0
12630494 1
12640644 0
12644446 1
12646537 0
12650487 1
12660613 0
12664400 1
12666500 0
12670457 1
12680617 0
12684402 1
12686500 0
12690469 1
12700606 0
12704363 1
12706492 0
12710449 1
12720580 0
12724382 1
12726472 0
12730423 1
12740579 0
12744364 1
12746458 0
12750436 1
12760575 0
12764513 1
12766465 0
12770421 1
12780597 0
12785237 1
12786431 0
12790413 1
12800580 0
12804589 1
12806418 0
12810398 1
12820535 0
12824630 1
12826426 0
12830383 1
12840559 0
12845347 1
12846364 0
12850354 1
12860552 0
12864939 1
12866395 0
12870352 1
12880528 0
12885295 1
12886306 0
12890322 1
12900527 0
12905048 1
12906369 0
12910325 1
12920515 0
12925127 1
12926328 0
12930323 1
12940474 0
12945197 1
12946302 0
12950288 1
12960464 0
12964688 1
12966327 0
12970298 1
12980465 0
12984916 1
12986310 0
12990281 1
13000457 0
13004964 1
13006290 0
13010256 1
13020437 0
13024773 1
13026294 0
13030229 1
13040435 0
13045081 1
13046259 0
13050247 1
13060397 0
13064807 1
13066260 0
13070217 1
13080393 0
13084959 1
13086227 0
13090220 1
13100404 0
13104967 1
13106223 0
13110219 1
13120371 0
13124819 1
13126213 0
13130186 1
13140390 0
13144971 1
13146204 0
13150183 1
13160355 0
13164779 1
13166188 0
13170175 1
13180351 0
13184976 1
13186155 0
13190151 1
13200333 0
13204855 1
13206167 0
13210145 1
13220271 0
13224292 1
13226161 0
13230132 1
13240294 0
13244762 1
13246142 0
13250114 1
13260259 0
13264292 1
13266158 0
13270112 1
13280263 0
13284535 1
13286129 0
13290110 1
13300262 0
13304235 1
13306119 0
13310075 1
13320250 0
13324269 1
13326122 0
13330099 1
13340250 0
13344586 1
13346092 0
13350064 1
13360195 0
13364262 1
13366101 0
13370044 1
13380220 0
13384622 1
13386084 0
13390039 1
13400218 0
13404657 1
13406051 0
13410033 1
13420184 0
13424588 1
13426041 0
13430012 1
13440223 0
13444688 1
13446047 0
13450006 1
13460173 0
13464494 1
13466015 0
13469972 1
13480177 0
13484861 1
13485981 0
13489976 1
13500158 0
13504582 1
13506009 0
13509966 1
13520141 0
13524633 1
13525989 0
13529969 1
13540122 0
13544756 1
13545949 0
13549935 1
13560121 0
13564508 1
13565980 0
13569937 1
13580114 0
13584597 1
13585947 0
13589924 1
13600085 0
13604465 1
13605933 0
13609908 1
13620103 0
13624871 1
13625908 0
13629903 1
13640084 0
13644821 1
13645882 0
13649899 1
13660059 0
13664454 1
13665907 0
13669877 1
13680044 0
13684711 1
13685849 0
13689865 1
13700040 0
13704518 1
13705873 0
13709854 1
13720021 0
13724602 1
13725849 0
13729842 1
13740007 0
13744804 1
13745812 0
13749822 1
13759998 0
13764393 1
13765846 0
13769817 1
13780007 0
13784745 1
13785966 0
13789799 1
13799996 0
13804577 1
13805800 0
13809795 1
13819976 0
13824557 1
13825803 0
13829790 1
13839967 0
13844896 1
13846140 0
13849756 1
13859954 0
13864394 1
13865802 0
13869760 1
13879935 0
13884736 1
13885714 0
13889753 1
13899935 0
13904428 1
13905753 0
13909723 1
13919907 0
13924399 1
13925759 0
13929724 1
13939915 0
13944658 1
13945704 0
13949720 1
13959882 0
13964275 1
13965731 0
13969684 1
13979889 0
13984603 1
13985693 0
13989717 1
13999869 0
14004376 1
14005702 0
14009683 1
14019859 0
14024385 1
14025685 0
14029662 1
14039857 0
14044521 1
14045655 0
14049646 1
14059823 0
14064129 1
14065670 0
14069641 1
14079838 0
14084573 1
14085623 0
14089628 1
14099819 0
14104385 1
14105652 0
14109633 1
14119801 0
14124175 1
14125629 0
14129615 1
14139744 0
14143562 1
14145651 0
14149608 1
14159739 0
14163718 1
14165631 0
14169578 1
14179768 0
14184290 1
14185587 0
14189581 1
14199777 0
14204299 1
14205584 0
14209550 1
14219731 0
14224111 1
14225592 0
14229549 1
14239726 0
14244307 1
14245560 0
14309521 1
14319688 0
14324169 1
14325519 0
14329480 1
14339685 0
14344280 1
14345518 0
14349470 1
14359651 0
14364025 1
14365508 0
14369490 1
14379651 0
14384297 1
14385475 0
14389476 1
14399651 0
14404173 1
14405484 0
14409441 1
14419617 0
14424242 1
14425468 0
14429442 1
14439612 0
14444496 1
14445386 0
14449410 1
14459615 0
14464014 1
14465452 0
14469423 1
14479613 0
14484395 1
14485616 0
14489404 1
14499584 0
14504082 1
14505432 0
14509413 1
14519550 0
14523930 1
14525412 0
14529394 1
14539576 0
14544195 1
14545413 0
14549368 1
14559543 0
14563942 1
14565396 0
14569356 1
14579543 0
14584109 1
14585385 0
14589366 1
14599517 0
14603905 1
14605362 0
14609334 1
14619515 0
14623827 1
14625363 0
14629329 1
14639508 0
14644103 1
14645330 0
14649319 1
14659477 0
14663764 1
14665308 0
14669300 1
14679449 0
14683496 1
14685341 0
14689301 1
14699441 0
14703444 1
14705327 0
14709297 1
14719403 0
14723255 1
14725289 0
14729269 1
14739436 0
14743787 1
14745299 0
14749265 1
14759402 0
14763352 1
14765280 0
14769255 1
14779420 0
14783919 1
14785253 0
14789229 1
14799414 0
14803587 1
14805271 0
14809222 1
14819368 0
14823538 1
14825236 0
14829226 1
14839396 0
14843861 1
14845229 0
14849195 1
14859371 0
14863586 1
14865225 0
14869185 1
14879366 0
14883746 1
14885200 0
14889194 1
14899361 0
14903796 1
14905190 0
14909156 1
14919331 0
14923700 1
14925197 0
14929148 1
14939336 0
14943905 1
14945158 0
14949154 1
14959301 0
14963669 1
14965152 0
14969126 1
14979340 0
14984071 1
14985121 0
14989117 1
14999303 0
