2376 1
19092 0
22269 1
39064 0
42216 1
59215 0
62260 1
79212 0
82113 1
99233 0
99873 1
100370 0
102222 1
119320 0
122159 1
139051 0
562176 1
579139 0
582117 1
598659 0
601894 1
619166 0
619847 1
620336 0
622082 1
639159 0
642124 1
659185 0
662058 1
674617 0
676240 1
676817 0
677341 1
677818 0
683899 1
684818 0
685436 1
686426 0
686951 1
690707 0
691184 1
697407 0
703346 1
718198 0
722973 1
738031 0
739254 1
739739 0
742643 1
758606 0
762590 1
778704 0
782394 1
798801 0
802245 1
818866 0
822250 1
838964 0
842024 1
858540 0
862172 1
879032 0
882151 1
899021 0
902114 1
919039 0
922035 1
939090 0
942007 1
959014 0
962083 1
979080 0
979958 1
981214 0
982110 1
999111 0
1002090 1
1018992 0
1019603 1
1020089 0
1021986 1
1039008 0
1042101 1
1059039 0
1061979 1
1079034 0
1082077 1
1084514 0
1086135 1
1086648 0
1087248 1
1087726 0
1088347 1
1089326 0
1089954 1
1090920 0
1091563 1
1092041 0
1092662 1
1094732 0
1095340 1
1096335 0
1096868 1
1097615 0
1103287 1
1117926 0
1123140 1
1138192 0
1142855 1
1158457 0
1162638 1
1178650 0
1182338 1
1198318 0
1198805 1
1199288 0
1202296 1
1218790 0
1219377 1
1219863 0
1222174 1
1238786 0
1242100 1
1258863 0
1262146 1
1278739 0
1281959 1
1298994 0
1301913 1
1319014 0
1321358 1
1321844 0
1322314 1
1338809 0
1341845 1
1342552 0
1343030 1
1358957 0
1362012 1
1378944 0
1381630 1
1398899 0
1401968 1
1418905 0
1421801 1
1438948 0
1441853 1
1458976 0
1461966 1
1479044 0
1481917 1
1499046 0
1501978 1
1502511 0
1504120 1
1504606 0
1505226 1
1505712 0
1506324 1
1507306 0
1507911 1
1508902 0
1509534 1
1511130 0
1511747 1
1512709 0
1513309 1
1514300 0
1514825 1
1517479 0
1523352 1
1537913 0
1542867 1
1558223 0
1562626 1
1578466 0
1582542 1
1598415 0
1602341 1
1618717 0
1622220 1
1638653 0
1642099 1
1642688 0
1643166 1
1658760 0
1662042 1
1678660 0
1682018 1
1698891 0
1702016 1
1718872 0
1721941 1
1738925 0
1741985 1
1758899 0
1761921 1
1762431 0
1762905 1
1778864 0
1779372 1
1780617 0
1781927 1
1798898 0
1801701 1
1818874 0
1821849 1
1838926 0
1841916 1
1858608 0
1861843 1
1878872 0
1881649 1
1898679 0
1901812 1
1913470 0
1915090 1
1915600 0
1916188 1
1916689 0
1917310 1
1918111 0
1923211 1
1923697 0
1924332 1
1925275 0
1925809 1
1937249 0
1943157 1
1957875 0
1962415 1
1978439 0
1982398 1
1998411 0
2002125 1
2018193 0
2022131 1
2038622 0
2042101 1
2058839 0
2061954 1
2078735 0
2081982 1
2098870 0
2101860 1
2118772 0
2121667 1
2139013 0
2141720 1
2158847 0
2161892 1
2179041 0
2181857 1
2198797 0
2201897 1
2218706 0
2221868 1
2238852 0
2241850 1
2258753 0
2261823 1
2278690 0
2281434 1
2281952 0
2282430 1
2298867 0
2301826 1
2318885 0
2321351 1
2321841 0
2322319 1
2323474 0
2325110 1
2325596 0
2326193 1
2326702 0
2327289 1
2328284 0
2329531 1
2330096 0
2330574 1
2331051 0
2331615 1
2332101 0
2332702 1
2333695 0
2334291 1
2335281 0
2335806 1
2337372 0
2343262 1
2357748 0
2362903 1
2377937 0
2382533 1
2398205 0
2402388 1
2418304 0
2422207 1
2438441 0
2442116 1
2458394 0
2461944 1
2478577 0
2481861 1
2498510 0
2501855 1
2518739 0
2521903 1
2538720 0
2541802 1
2558785 0
2561807 1
2578615 0
2581754 1
2598687 0
2601805 1
2618776 0
2621783 1
2638787 0
2641715 1
2658793 0
2661712 1
2678884 0
2681638 1
2698843 0
2701713 1
2718955 0
2721611 1
2734629 0
2736222 1
2736711 0
2737339 1
2737825 0
2742913 1
2744816 0
2745426 1
2746418 0
2746942 1
2757494 0
2762953 1
2777782 0
2782659 1
2798009 0
2802340 1
2818188 0
2822150 1
2838358 0
2841957 1
2858497 0
2859125 1
2859617 0
2861923 1
2878557 0
2881919 1
2898661 0
2901844 1
2918631 0
2921662 1
2938690 0
2941751 1
2958613 0
2961753 1
2978655 0
2981748 1
2998579 0
3001648 1
3018678 0
3021716 1
3038605 0
3039216 1
3039702 0
3041668 1
3058554 0
3061601 1
3078629 0
3081594 1
3098670 0
3099172 1
3099655 0
3101745 1
3118523 0
3121648 1
3138678 0
3141654 1
3144527 0
3146144 1
3146629 0
3147240 1
3147751 0
3148346 1
3149335 0
3149940 1
3151219 0
3151776 1
3152258 0
3152732 1
3153209 0
3153726 1
3154721 0
3155344 1
3156325 0
3156883 1
3157368 0
3163228 1
3177575 0
3182737 1
3197815 0
3202300 1
3218067 0
3222109 1
3238097 0
3242010 1
3258045 0
3261771 1
3278429 0
3281649 1
3298434 0
3301669 1
3360623 0
3361578 1
3378665 0
3381588 1
3398450 0
3401590 1
3418665 0
3421488 1
3438611 0
3441002 1
3441488 0
3441958 1
3458645 0
3461486 1
3478638 0
3481546 1
3498714 0
3501491 1
3518615 0
3521538 1
3538790 0
3541496 1
3554465 0
3556078 1
3556563 0
3562756 1
3563325 0
3563803 1
3564666 0
3565271 1
3566264 0
3566789 1
3577246 0
3582658 1
3597582 0
3602441 1
3617891 0
3622121 1
3637627 0
3641794 1
3658030 0
3661443 1
3678342 0
3681539 1
3698370 0
3701629 1
3718492 0
3721631 1
3737812 0
3738290 1
3738768 0
3741487 1
3758246 0
3758860 1
3759352 0
3761532 1
3778536 0
3781267 1
3798412 0
3801410 1
3818487 0
3821338 1
3838437 0
3841436 1
3858477 0
3861238 1
3878510 0
3881453 1
3898504 0
3901305 1
3918475 0
3921403 1
3938477 0
3941396 1
3958521 0
3961418 1
3965618 0
3967220 1
3967733 0
3968324 1
3968826 0
3969429 1
3970419 0
3971023 1
3972017 0
3972636 1
3973114 0
3973710 1
3974219 0
3975457 1
3976022 0
3976507 1
3977032 0
3982921 1
3983584 0
3984062 1
3997363 0
4002483 1
4017699 0
4022102 1
4037798 0
4041933 1
4058032 0
4061756 1
4078141 0
4081592 1
4098281 0
4101548 1
4118308 0
4121568 1
4137730 0
4138208 1
4138685 0
4141502 1
4158340 0
4161476 1
4178322 0
4181399 1
4198338 0
4201421 1
4218495 0
4221376 1
4238404 0
4241393 1
4258423 0
4261342 1
4278206 0
4281248 1
4298241 0
4301367 1
4318423 0
4321224 1
4338348 0
4341372 1
4358399 0
4361341 1
4375571 0
4377207 1
4377693 0
4382654 1
4384178 0
4384790 1
4385761 0
4386384 1
4387375 0
4387904 1
4397051 0
4402627 1
4417362 0
4422340 1
4437626 0
4442053 1
4457818 0
4461735 1
4477963 0
4481617 1
4498119 0
4501525 1
4518096 0
4521529 1
4538220 0
4541503 1
4558264 0
4561358 1
4578235 0
4581376 1
4598236 0
4601214 1
4618341 0
4621217 1
4638315 0
4641221 1
4658367 0
4661268 1
4678225 0
4678822 1
4679306 0
4681132 1
4681665 0
4682906 1
4698446 0
4701278 1
4718308 0
4721229 1
4738362 0
4741238 1
4758384 0
4761257 1
4778332 0
4781133 1
4786718 0
4788353 1
4788926 0
4789457 1
4789935 0
4790550 1
4791541 0
4792136 1
4793150 0
4793746 1
4794247 0
4794835 1
4795345 0
4795941 1
4797179 0
4802785 1
4817117 0
4822240 1
4837455 0
4842003 1
4857628 0
4861730 1
4877890 0
4881559 1
4897886 0
4901344 1
4918104 0
4921318 1
4938118 0
4941315 1
4957831 0
4961340 1
4977666 0
4981170 1
4998222 0
5001167 1
5018149 0
5021220 1
5038154 0
5041264 1
5058150 0
5061068 1
5078313 0
5081151 1
5097844 0
5101199 1
5118228 0
5120668 1
5121154 0
5121624 1
5138187 0
5140918 1
5158333 0
5160994 1
5178234 0
5180964 1
5196695 0
5202228 1
5203100 0
5203705 1
5204190 0
5204801 1
5206898 0
5207516 1
5208506 0
5209756 1
5216933 0
5222401 1
5237326 0
5241965 1
5257543 0
5261682 1
5277811 0
5281585 1
5297864 0
5301368 1
5318002 0
5321318 1
5338006 0
5341237 1
5358143 0
5361152 1
5378133 0
5381123 1
5398199 0
5401073 1
5401591 0
5402069 1
5418166 0
5420897 1
5438265 0
5441131 1
5458092 0
5460911 1
5478275 0
5481054 1
5497603 0
5498080 1
5498558 0
5501059 1
5518157 0
5521062 1
5538116 0
5541037 1
5558159 0
5561049 1
5578278 0
5581084 1
5598078 0
5601031 1
5606706 0
5608342 1
5608829 0
5609432 1
5609917 0
5610529 1
5611519 0
5612791 1
5613356 0
5613833 1
5614311 0
5614832 1
5615333 0
5615934 1
5616786 0
5622527 1
5636978 0
5642168 1
5657291 0
5661818 1
5677409 0
5681482 1
5697658 0
5701257 1
5717780 0
5720490 1
5720975 0
5721449 1
5737840 0
5741052 1
5758033 0
5760883 1
5778074 0
5780940 1
5798021 0
5798843 1
5799335 0
5800802 1
5818123 0
5820950 1
5838120 0
5840395 1
5840881 0
5841351 1
5858127 0
5860834 1
5878048 0
5880787 1
5898130 0
5900570 1
5917906 0
5920789 1
5938078 0
5940763 1
5958130 0
5960838 1
5978126 0
5980519 1
5998221 0
6000791 1
6017850 0
6021816 1
6022664 0
6023283 1
6024274 0
6024870 1
6025371 0
6025991 1
6026477 0
6027088 1
6028079 0
6029334 1
6029899 0
6030377 1
6036742 0
6041767 1
6057082 0
6061533 1
6062089 0
6062559 1
6077333 0
6081340 1
6097549 0
6101239 1
6117760 0
6121122 1
6137812 0
6141026 1
6157841 0
6160958 1
6177953 0
6180906 1
6197960 0
6200881 1
6217980 0
6220712 1
6238026 0
6239749 1
6240239 0
6240764 1
6257998 0
6260203 1
6260688 0
6261158 1
6277958 0
6280737 1
6297765 0
6300813 1
6318030 0
6380711 1
6397895 0
6399772 1
6400258 0
6400798 1
6417913 0
6420669 1
6427813 0
6429433 1
6429919 0
6430539 1
6431024 0
6432300 1
6432865 0
6433342 1
6434206 0
6434811 1
6435320 0
6435931 1
6436409 0
6442365 1
6456794 0
6461890 1
6477129 0
6481548 1
6497151 0
6501155 1
6517612 0
6521017 1
6537611 0
6540776 1
6557735 0
6560796 1
6577778 0
6580651 1
6597902 0
6600799 1
6617732 0
6620561 1
6637869 0
6640563 1
6657827 0
6660583 1
6677837 0
6680640 1
6697905 0
6700684 1
6717910 0
6720595 1
6737907 0
6740606 1
6757931 0
6760506 1
6777945 0
6780631 1
6797874 0
6800069 1
6800564 0
6801041 1
6817794 0
6820061 1
6820555 0
6821033 1
6837854 0
6841041 1
6841531 0
6842004 1
6842482 0
6842952 1
6843769 0
6844388 1
6845379 0
6845998 1
6846476 0
6847096 1
6847581 0
6848813 1
6849372 0
6849850 1
6850765 0
6851293 1
6856509 0
6861477 1
6861963 0
6862433 1
6876797 0
6881564 1
6897118 0
6901267 1
6917329 0
6920987 1
6937459 0
6940873 1
6957608 0
6960774 1
6977438 0
6980476 1
6997608 0
7000599 1
7017703 0
7020679 1
7037778 0
7040463 1
7041087 0
7041569 1
7057794 0
7060470 1
7077744 0
7080348 1
7097739 0
7100447 1
7117742 0
7120348 1
7137763 0
7140486 1
7157809 0
7160407 1
7177757 0
7180504 1
7197684 0
7200510 1
7217586 0
7220365 1
7237675 0
7240455 1
7248910 0
7250527 1
7252146 0
7252738 1
7253733 0
7254333 1
7255315 0
7255943 1
7256432 0
7262176 1
7276209 0
7281519 1
7296815 0
7301329 1
7317175 0
7321059 1
7337202 0
7340832 1
7357378 0
7360110 1
7360596 0
7361066 1
7377315 0
7380410 1
7397533 0
7400579 1
7417460 0
7420436 1
7437600 0
7440510 1
7457204 0
7460514 1
7477473 0
7480393 1
7497470 0
7500353 1
7517686 0
7520418 1
7537643 0
7540422 1
7557590 0
7560297 1
7577378 0
7580340 1
7597581 0
7600336 1
7617586 0
7620367 1
7637273 0
7640344 1
7657610 0
7660902 1
7661387 0
7662688 1
7665260 0
7665874 1
7666375 0
7666977 1
7667486 0
7668098 1
7669067 0
7669716 1
7670674 0
7671208 1
7676201 0
7681661 1
7696418 0
7701367 1
7716777 0
7720963 1
7736975 0
7740654 1
7757170 0
7760558 1
7777272 0
7780602 1
7797442 0
7800387 1
7817416 0
7820383 1
7837504 0
7840221 1
7857415 0
7860348 1
7877635 0
7880274 1
7897596 0
7900225 1
7917567 0
7918092 1
7918570 0
7920299 1
7937424 0
7939797 1
7940333 0
7940816 1
7957622 0
7960085 1
7977546 0
7980278 1
7997496 0
8000204 1
8017550 0
8020259 1
8037405 0
8040156 1
8057551 0
8060225 1
8070010 0
8071622 1
8072131 0
8072728 1
8073237 0
8073825 1
8074816 0
8075435 1
8076417 0
8081300 1
8081877 0
8082378 1
8096191 0
8101433 1
8116485 0
8121044 1
8136772 0
8140757 1
8156965 0
8160588 1
8161144 0
8161614 1
8176968 0
8180475 1
8197168 0
8200440 1
8217224 0
8220342 1
8237245 0
8240292 1
8257249 0
8260239 1
8277247 0
8280145 1
8296984 0
8300218 1
8317333 0
8319687 1
8320177 0
8320647 1
8337280 0
8340130 1
8357298 0
8359983 1
8377304 0
8380028 1
8397276 0
8399882 1
8417200 0
8420071 1
8437248 0
8439984 1
8457303 0
8460059 1
8477206 0
8479914 1
8480400 0
8481642 1
8482127 0
8482715 1
8483216 0
8484447 1
8485017 0
8485506 1
8486417 0
8487037 1
8487514 0
8488135 1
8488624 0
8489241 1
8490208 0
8490827 1
8491809 0
8493057 1
8495845 0
8501579 1
8516313 0
8520486 1
8520972 0
8521451 1
8536665 0
8540720 1
8556710 0
8560507 1
8576999 0
8580343 1
8596669 0
8600311 1
8617221 0
8620154 1
8636843 0
8640173 1
8657202 0
8660098 1
8677196 0
8680079 1
8697344 0
8700100 1
8717059 0
8720098 1
8737083 0
8739894 1
8757191 0
8760022 1
8777072 0
8779946 1
8797070 0
8799896 1
8817097 0
8820041 1
8837091 0
8839988 1
8857190 0
8859905 1
8877112 0
8880013 1
8891203 0
8892816 1
8893325 0
8893936 1
8894438 0
8895034 1
8896024 0
8902091 1
8903034 0
8904278 1
8916003 0
8921276 1
8936257 0
8940897 1
8956404 0
8960600 1
8976644 0
8980219 1
8996782 0
9000191 1
9016862 0
9020018 1
9036863 0
9039922 1
9056975 0
9059990 1
9076947 0
9079797 1
9097021 0
9099988 1
9116922 0
9119819 1
9136730 0
9139918 1
9157086 0
9159180 1
9159669 0
9160143 1
9177015 0
9179851 1
9197187 0
9199825 1
9217065 0
9219868 1
9236779 0
9239416 1
9239925 0
9241163 1
9257014 0
9259805 1
9276935 0
9279765 1
9297075 0
9297750 1
9298236 0
9299872 1
9301224 0
9302837 1
9303322 0
9303943 1
9376473 0
9380273 1
9396146 0
9400088 1
9400620 0
9401090 1
9416691 0
9420069 1
9436665 0
9439971 1
9456882 0
9459920 1
9476853 0
9479856 1
9496842 0
9499799 1
9516294 0
9516771 1
9517249 0
9519225 1
9519710 0
9520180 1
9536907 0
9539789 1
9556865 0
9559684 1
9576785 0
9579737 1
9596883 0
9599639 1
9616845 0
9619672 1
9636841 0
9639643 1
9656812 0
9659615 1
9676818 0
9679446 1
9696838 0
9699587 1
9711215 0
9712835 1
9713321 0
9713932 1
9714434 0
9715030 1
9715996 0
9721115 1
9721601 0
9722071 1
9723029 0
9724326 1
9728521 0
9729035 1
9735624 0
9740908 1
9755982 0
9760527 1
9776226 0
9780164 1
9796444 0
9799806 1
9800480 0
9801710 1
9816567 0
9819970 1
9836563 0
9839776 1
9856466 0
9859725 1
9876705 0
9879602 1
9896676 0
9899676 1
9916555 0
9919673 1
9936726 0
9937479 1
9937965 0
9939614 1
9956736 0
9959608 1
9976416 0
9979558 1
9996515 0
9999411 1
10016851 0
10019513 1
10036780 0
10039325 1
10056751 0
10059331 1
10076865 0
10079353 1
10096748 0
10099434 1
10099991 0
10100462 1
10116688 0
10119492 1
10122429 0
10124031 1
10124526 0
10125127 1
10125614 0
10126226 1
10127209 0
10129435 1
10129936 0
10130525 1
10131028 0
10131617 1
10132875 0
10133441 1
10134207 0
10134765 1
10135252 0
10140940 1
10155607 0
10160413 1
10175898 0
10180152 1
10196291 0
10199913 1
10216430 0
10219758 1
10236509 0
10239575 1
10256467 0
10259411 1
10276614 0
10279489 1
10296708 0
10299347 1
10316589 0
10319464 1
10336207 0
10336706 1
10337192 0
10339452 1
10356701 0
10359306 1
10376652 0
10379289 1
10396697 0
10399265 1
10416099 0
10419389 1
10436577 0
10439284 1
10456581 0
10459314 1
10476296 0
10478602 1
10479098 0
10479580 1
10496650 0
10499279 1
10516818 0
10519290 1
10532471 0
10534096 1
10534582 0
10535203 1
10535690 0
10540685 1
10541172 0
10541713 1
10542672 0
10543301 1
10544548 0
10545098 1
10555270 0
10560422 1
10575660 0
10580135 1
10595883 0
10599798 1
10616102 0
10619630 1
10636204 0
10639581 1
10656373 0
10659500 1
10676369 0
10679365 1
10696418 0
10699372 1
10715842 0
10716321 1
10716799 0
10718970 1
10736508 0
10739037 1
10756411 0
10759281 1
10776505 0
10779194 1
10796493 0
10799192 1
10816540 0
10819172 1
10836489 0
10838979 1
10839543 0
10840778 1
10856503 0
10859080 1
10876501 0
10878983 1
10896546 0
10899099 1
10916450 0
10919082 1
10936503 0
10939079 1
10943679 0
10945291 1
10945865 0
10946390 1
10946893 0
10947490 1
10948481 0
10949101 1
10950076 0
10950695 1
10951178 0
10951775 1
10953900 0
10954517 1
10955047 0
10960634 1
10975219 0
10979930 1
10995320 0
10999904 1
11015877 0
11019665 1
11035442 0
11035920 1
11037160 0
11039488 1
11055989 0
11059325 1
11076261 0
11079263 1
11096051 0
11099218 1
11116152 0
11119138 1
11136243 0
11137131 1
11138415 0
11139123 1
11156421 0
11159009 1
11176357 0
11179051 1
11196353 0
11199009 1
11216350 0
11219077 1
11236334 0
11239027 1
11256151 0
11259008 1
11276310 0
11278695 1
11295825 0
11298985 1
11316243 0
11318961 1
11336195 0
11338969 1
11353688 0
11355364 1
11355934 0
11359732 1
11360218 0
11360736 1
11361215 0
11361807 1
11362309 0
11362907 1
11363898 0
11364503 1
11365493 0
11366743 1
11374795 0
11380239 1
11395247 0
11399864 1
11415488 0
11419497 1
11435557 0
11439401 1
11455858 0
11459213 1
11475903 0
11479107 1
11495971 0
11498969 1
11516028 0
11518990 1
11535909 0
11538824 1
11556058 0
11558926 1
11576055 0
11578786 1
11596132 0
11598966 1
11616099 0
11618773 1
11636144 0
11638799 1
11656096 0
11658869 1
11676101 0
11678699 1
11696094 0
11698797 1
11716064 0
11718831 1
11736143 0
11738850 1
11756146 0
11758755 1
11763682 0
11765295 1
11765782 0
11766403 1
11766890 0
11768128 1
11768694 0
11769172 1
11770071 0
11770684 1
11771194 0
11771783 1
11772285 0
11772882 1
11773873 0
11780271 1
11794867 0
11799838 1
11815186 0
11819274 1
11835459 0
11839303 1
11855177 0
11855679 1
11856158 0
11859112 1
11875639 0
11879115 1
11895814 0
11898911 1
11915813 0
11918874 1
11935935 0
11938859 1
11955896 0
11958739 1
11975893 0
11978736 1
11995909 0
11998177 1
12015988 0
12018710 1
12019230 0
12019705 1
12035931 0
12038505 1
12055857 0
12058700 1
12075925 0
12078461 1
12095884 0
12098655 1
12174885 0
12179145 1
12179665 0
12180313 1
12181281 0
12181877 1
12182379 0
12183000 1
12183487 0
12184103 1
12185350 0
12185913 1
12186667 0
12187221 1
12194515 0
12199950 1
12214828 0
12219539 1
12235151 0
12239258 1
12255104 0
12255677 1
12256927 0
12258984 1
12275471 0
12278921 1
12294892 0
12295379 1
12295866 0
12298749 1
12315610 0
12318794 1
12335510 0
12338724 1
12355751 0
12358615 1
12375658 0
12378537 1
12395714 0
12398580 1
12415686 0
12418552 1
12435713 0
12436309 1
12436788 0
12438480 1
12455644 0
12458471 1
12475707 0
12478502 1
12495387 0
12498475 1
12515804 0
12518015 1
12518502 0
12518973 1
12535638 0
12538460 1
12555736 0
12558492 1
12575644 0
12578265 1
12584867 0
12586688 1
12587181 0
12587660 1
12588148 0
12588698 1
12589951 0
12590509 1
12591287 0
12591891 1
12592394 0
12592991 1
12593502 0
12594161 1
12594640 0
12600091 1
12614347 0
12619350 1
12634701 0
12638764 1
12639260 0
12639743 1
12655058 0
12658944 1
12675206 0
12678459 1
12678945 0
12679422 1
12695215 0
12698688 1
12715524 0
12718430 1
12735446 0
12738466 1
12755547 0
12758390 1
12775614 0
12778268 1
12795223 0
12798291 1
12815501 0
12818052 1
12835591 0
12838280 1
12855483 0
12858207 1
12875483 0
12878334 1
12895560 0
12898191 1
12915603 0
12918280 1
12935631 0
12938301 1
12955537 0
12958270 1
12975612 0
12978266 1
12995548 0
12998990 1
12999483 0
12999954 1
13000875 0
13001495 1
13002482 0
13004197 1
13004771 0
13005296 1
13006279 0
13006912 1
13007879 0
13008428 1
13014107 0
13019708 1
13034491 0
13039101 1
13054801 0
13058801 1
13074949 0
13078734 1
13095043 0
13098469 1
13115140 0
13118496 1
13135215 0
13138330 1
13155264 0
13158281 1
13175354 0
13178012 1
13195347 0
13198217 1
13215419 0
13218191 1
13235360 0
13238180 1
13255263 0
13258200 1
13275306 0
13277937 1
13295254 0
13298042 1
13314965 0
13315541 1
13316020 0
13317918 1
13335246 0
13338065 1
13355338 0
13357945 1
13375321 0
13378036 1
13395310 0
13396182 1
13396669 0
13397982 1
13406107 0
13407720 1
13408231 0
13408824 1
13409333 0
13409930 1
13410929 0
13412198 1
13412760 0
13413239 1
13413721 0
13419713 1
13434185 0
13439186 1
13454355 0
13458838 1
13474551 0
13478599 1
13494995 0
13498311 1
13514875 0
13518259 1
13535077 0
13538164 1
13555050 0
13558090 1
13574330 0
13574808 1
13575334 0
13578051 1
13595151 0
13598100 1
13615165 0
13617965 1
13635198 0
13638041 1
13655126 0
13657875 1
13658526 0
13658997 1
13675135 0
13677887 1
13695086 0
13697828 1
13715256 0
13717740 1
13735185 0
13737909 1
13755136 0
13757837 1
13775039 0
13777768 1
13795238 0
13797821 1
13814459 0
13814946 1
13815424 0
13818939 1
13819430 0
13819981 1
13820971 0
13821591 1
13822563 0
13823183 1
13823685 0
13825410 1
13826366 0
13827017 1
13827977 0
13828511 1
13833784 0
13838969 1
13839462 0
13839932 1
13853993 0
13858744 1
13874283 0
13878598 1
13894461 0
13898328 1
13914710 0
13918113 1
13934766 0
13938042 1
13954868 0
13957900 1
13974936 0
13977928 1
13994933 0
13997816 1
14015053 0
14017806 1
14035056 0
14037640 1
14054984 0
14057812 1
14074312 0
14074791 1
14075274 0
14077722 1
14094983 0
14097776 1
14115055 0
14117717 1
14134944 0
14137630 1
14154854 0
14157673 1
14174955 0
14177703 1
14194694 0
14197630 1
14214855 0
14217710 1
14227382 0
14229001 1
14229493 0
14230091 1
14230601 0
14231189 1
14232181 0
14232801 1
14233784 0
14239776 1
14253631 0
14258828 1
14273910 0
14278448 1
14294197 0
14298151 1
14314300 0
14314826 1
14315305 0
14318045 1
14333784 0
14337949 1
14338598 0
14339086 1
14354540 0
14357825 1
14374548 0
14377320 1
14377807 0
14378281 1
14394609 0
14397593 1
14414526 0
14417673 1
14434737 0
14437490 1
14454808 0
14457557 1
14474643 0
14477414 1
14494429 0
14494955 1
14495433 0
14497354 1
14514705 0
14515921 1
14516411 0
14517343 1
14534724 0
14536502 1
14536989 0
14537483 1
14554778 0
14556754 1
14557241 0
14557711 1
14574714 0
14577064 1
14594735 0
14597270 1
14614648 0
14617373 1
14634774 0
14637325 1
14637811 0
14639009 1
14639500 0
14641223 1
14642187 0
14642800 1
14643791 0
14644424 1
14644910 0
14645522 1
14646001 0
14646646 1
14647589 0
14648209 1
14649208 0
14711790 1
14714145 0
14717677 1
14734377 0
14737615 1
14754215 0
14757500 1
14774482 0
14777499 1
14794514 0
14797428 1
14814711 0
14817302 1
14834554 0
14837260 1
14854657 0
14857311 1
14874107 0
14877335 1
14894572 0
14897288 1
14914595 0
14917122 1
14933936 0
14934525 1
14935008 0
14937252 1
14954502 0
14957232 1
14974584 0
14977143 1
14994522 0
14997247 1
