600 0
1685 1
20517 0
21230 1
30169 0
31774 1
32279 0
32885 1
33382 0
33969 1
34979 0
35566 1
36576 0
37186 1
37683 0
38285 1
38783 0
549962 1
560347 0
561589 1
580506 0
581570 1
600472 0
601598 1
620572 0
621542 1
640681 0
641642 1
660593 0
661121 1
661606 0
662884 1
680753 0
681376 1
700704 0
701406 1
720648 0
721468 1
740795 0
741378 1
760739 0
761582 1
780720 0
781493 1
800775 0
802046 1
820832 0
821423 1
840803 0
841528 1
851438 0
853053 1
853546 0
854136 1
854653 0
855228 1
856241 0
856848 1
857845 0
858467 1
859736 0
863831 1
879550 0
882955 1
899462 0
899943 1
900427 0
902713 1
920001 0
922342 1
940512 0
942174 1
960479 0
961991 1
980755 0
981693 1
1000547 0
1001706 1
1020925 0
1021595 1
1040924 0
1041649 1
1060979 0
1061493 1
1080993 0
1081474 1
1101287 0
1102533 1
1120971 0
1121492 1
1141208 0
1141689 1
1161067 0
1161548 1
1181335 0
1181821 1
1201129 0
1201611 1
1221162 0
1221643 1
1240870 0
1241466 1
1261069 0
1261621 1
1262634 0
1264251 1
1264744 0
1265344 1
1265838 0
1266453 1
1267451 0
1268051 1
1269310 0
1269870 1
1270360 0
1270833 1
1271319 0
1271856 1
1272835 0
1273457 1
1274432 0
1274961 1
1279481 0
1283225 1
1299862 0
1302865 1
1320231 0
1322462 1
1340500 0
1341942 1
1360730 0
1361668 1
1362162 0
1362635 1
1380782 0
1381895 1
1400942 0
1401928 1
1421019 0
1421836 1
1441076 0
1441754 1
1461091 0
1461620 1
1462200 0
1462673 1
1481207 0
1481716 1
1501115 0
1501644 1
1520786 0
1522051 1
1541157 0
1541654 1
1542352 0
1542834 1
1561156 0
1561731 1
1581108 0
1581590 1
1601155 0
1601646 1
1621126 0
1621654 1
1641293 0
1641858 1
1661334 0
1661839 1
1672645 0
1674261 1
1674755 0
1675369 1
1675855 0
1676455 1
1677453 0
1678052 1
1679315 0
1679936 1
1680433 0
1683705 1
1684466 0
1684995 1
1699903 0
1703241 1
1720159 0
1722722 1
1723239 0
1723712 1
1740384 0
1742647 1
1760725 0
1762448 1
1780697 0
1781352 1
1781845 0
1782342 1
1800995 0
1801839 1
1821031 0
1821922 1
1841120 0
1841719 1
1860968 0
1861608 1
1881212 0
1881764 1
1901188 0
1901882 1
1921210 0
1921865 1
1941416 0
1941897 1
1961298 0
1961906 1
1981338 0
1982587 1
2001340 0
2001927 1
2021452 0
2021942 1
2041350 0
2041854 1
2060961 0
2061442 1
2081520 0
2082001 1
2082778 0
2084393 1
2085987 0
2086587 1
2087592 0
2088191 1
2089201 0
2089800 1
2090285 0
2090909 1
2091402 0
2091993 1
2092982 0
2093590 1
2094843 0
2095399 1
2099427 0
2100006 1
2100492 0
2103597 1
2120160 0
2123076 1
2140529 0
2142823 1
2160782 0
2162666 1
2180940 0
2182460 1
2201153 0
2202245 1
2221150 0
2222191 1
2241313 0
2242110 1
2261494 0
2262022 1
2281492 0
2282021 1
2301617 0
2302121 1
2321032 0
2321618 1
2341768 0
2342258 1
2361691 0
2362172 1
2381880 0
2382370 1
2401627 0
2402108 1
2421051 0
2421532 1
2422135 0
2423386 1
2441588 0
2442081 1
2461504 0
2461985 1
2481701 0
2482182 1
2494025 0
2495641 1
2496134 0
2496725 1
2497234 0
2497834 1
2499096 0
2499663 1
2500424 0
2503915 1
2504408 0
2504890 1
2505817 0
2506345 1
2520141 0
2523641 1
2540521 0
2543272 1
2560841 0
2563009 1
2581075 0
2582611 1
2600988 0
2602501 1
2621312 0
2622471 1
2641370 0
2642388 1
2661411 0
2662420 1
2681489 0
2682730 1
2701515 0
2702374 1
2721681 0
2722312 1
2741570 0
2742319 1
2761660 0
2762235 1
2781659 0
2782290 1
2801770 0
2802274 1
2821648 0
2822244 1
2841671 0
2842179 1
2861615 0
2862256 1
2881760 0
2882313 1
2901713 0
2902312 1
2904027 0
2905643 1
2906136 0
2907847 1
2908839 0
2909436 1
2910434 0
2911056 1
2911542 0
2912156 1
2912651 0
2913249 1
2914239 0
2914847 1
2915844 0
2916348 1
2920170 0
2924063 1
2940610 0
2943676 1
2961004 0
2963392 1
2981210 0
2983141 1
3001344 0
3002795 1
3021499 0
3022729 1
3041773 0
3042534 1
3061747 0
3062543 1
3081546 0
3082027 1
3101835 0
3102363 1
3121953 0
3122434 1
3141940 0
3142421 1
3161845 0
3163094 1
3181856 0
3182376 1
3201997 0
3202478 1
3221927 0
3222412 1
3222944 0
3223417 1
3261927 0
3262408 1
3282173 0
3282654 1
3301711 0
3302279 1
3303276 0
3303757 1
3315190 0
3316806 1
3317299 0
3317913 1
3318399 0
3318999 1
3320002 0
3320681 1
3321174 0
3324513 1
3325405 0
3326016 1
3326991 0
3327523 1
3340313 0
3343930 1
3361024 0
3363530 1
3381371 0
3383255 1
3401189 0
3403002 1
3461918 0
3462675 1
3482032 0
3482654 1
3501864 0
3502637 1
3522115 0
3522643 1
3542184 0
3542698 1
3561544 0
3562025 1
3582296 0
3582868 1
3602248 0
3602729 1
3622256 0
3622737 1
3642280 0
3642761 1
3662406 0
3662886 1
3682429 0
3682910 1
3702438 0
3703684 1
3722394 0
3722891 1
3725156 0
3726772 1
3727274 0
3727850 1
3728359 0
3728955 1
3729960 0
3730559 1
3731548 0
3732156 1
3733762 0
3734362 1
3735356 0
3735963 1
3736961 0
3737465 1
3740590 0
3744429 1
3761156 0
3764024 1
3781383 0
3783728 1
3801726 0
3803287 1
3821956 0
3823162 1
3842036 0
3843029 1
3861971 0
3862814 1
3882152 0
3882925 1
3901807 0
3902288 1
3902774 0
3904017 1
3922295 0
3922863 1
3942894 0
3943375 1
3962366 0
3962847 1
3982436 0
3982917 1
4002535 0
4003016 1
4022418 0
4022922 1
4042569 0
4043146 1
4062446 0
4062927 1
4082742 0
4083232 1
4102445 0
4102926 1
4122854 0
4123344 1
4142624 0
4144697 1
4145191 0
4146897 1
4147879 0
4148470 1
4149465 0
4150073 1
4150566 0
4151181 1
4151666 0
4152289 1
4153263 0
4153894 1
4154868 0
4155396 1
4160885 0
4164570 1
4181208 0
4184100 1
4201705 0
4203660 1
4221933 0
4223549 1
4242083 0
4243313 1
4262264 0
4263179 1
4282374 0
4283088 1
4302351 0
4303024 1
4303754 0
4304235 1
4322651 0
4323132 1
4342509 0
4342990 1
4362845 0
4363326 1
4382609 0
4383858 1
4402755 0
4403251 1
4422700 0
4423181 1
4442708 0
4443189 1
4462707 0
4463188 1
4482705 0
4483195 1
4502673 0
4503154 1
4522642 0
4523210 1
4542813 0
4543294 1
4546215 0
4547835 1
4548328 0
4548952 1
4549452 0
4550043 1
4551032 0
4551640 1
4552637 0
4554349 1
4554930 0
4555438 1
4556437 0
4557036 1
4558034 0
4558538 1
4560986 0
4564966 1
4581426 0
4584469 1
4601759 0
4604198 1
4622127 0
4623854 1
4641862 0
4643652 1
4662430 0
4663471 1
4682253 0
4683128 1
4702733 0
4703214 1
4722578 0
4723095 1
4742713 0
4743286 1
4762666 0
4763170 1
4782862 0
4783343 1
4802559 0
4803253 1
4823164 0
4823645 1
4843048 0
4843529 1
4862781 0
4864030 1
4883061 0
4883557 1
4903369 0
4903850 1
4923203 0
4923684 1
4943085 0
4943566 1
4963070 0
4963551 1
4964182 0
4965813 1
4967410 0
4968002 1
4969006 0
4969608 1
4970597 0
4971205 1
4971698 0
4972313 1
4972798 0
4973398 1
4974395 0
4975018 1
4975993 0
4977267 1
4981221 0
4984945 1
5001793 0
5004521 1
5022100 0
5024196 1
5042295 0
5043632 1
5061952 0
5062433 1
5062918 0
5063825 1
5082201 0
5083525 1
5102167 0
5102652 1
5103161 0
5103634 1
5122836 0
5123539 1
5143017 0
5143498 1
5162970 0
5163451 1
5183253 0
5183830 1
5203266 0
5203747 1
5223241 0
5223722 1
5243125 0
5243606 1
5263239 0
5263743 1
5283387 0
5283869 1
5302543 0
5303796 1
5343446 0
5343939 1
5363246 0
5363727 1
5375328 0
5376945 1
5377438 0
5378029 1
5378547 0
5379146 1
5380138 0
5380746 1
5382007 0
5385208 1
5385709 0
5386182 1
5387124 0
5387652 1
5401693 0
5405004 1
5422188 0
5424647 1
5442422 0
5444274 1
5462673 0
5463915 1
5482868 0
5483695 1
5502934 0
5503707 1
5522775 0
5523304 1
5543112 0
5543640 1
5563237 0
5563718 1
5583120 0
5583624 1
5603025 0
5603621 1
5623341 0
5623822 1
5643490 0
5643971 1
5663585 0
5664066 1
5703494 0
5703975 1
5723604 0
5724085 1
5743508 0
5744085 1
5783587 0
5784069 1
5785373 0
5786989 1
5787483 0
5788083 1
5788599 0
5789200 1
5790175 0
5790798 1
5791787 0
5793498 1
5794071 0
5794607 1
5795596 0
5796204 1
5797178 0
5797706 1
5801943 0
5805348 1
5822173 0
5825018 1
5842540 0
5844637 1
5862816 0
5864358 1
5882952 0
5884102 1
5903005 0
5903486 1
5903972 0
5904445 1
5923245 0
5923844 1
5943244 0
5943899 1
5963329 0
5964603 1
5983409 0
5983906 1
6003470 0
6003960 1
6023535 0
6024020 1
6043562 0
6044043 1
6063444 0
6063934 1
6083508 0
6083989 1
6103526 0
6104094 1
6124221 0
6124702 1
6143745 0
6144226 1
6163754 0
6164235 1
6183462 0
6183943 1
6195379 0
6196971 1
6198598 0
6199199 1
6200173 0
6200781 1
6201778 0
6206215 1
6207174 0
6207702 1
6222150 0
6225405 1
6242542 0
6244954 1
6245574 0
6246822 1
6262882 0
6264340 1
6283079 0
6283974 1
6284561 0
6285035 1
6303229 0
6304096 1
6323270 0
6324184 1
6343396 0
6343948 1
6363418 0
6363987 1
6383556 0
6384037 1
6403730 0
6404211 1
6423708 0
6424189 1
6443741 0
6444222 1
6463764 0
6464245 1
6483940 0
6544226 1
6563831 0
6564332 1
6583862 0
6584343 1
6606588 0
6608180 1
6608697 0
6609303 1
6609796 0
6610387 1
6611377 0
6612637 1
6613206 0
6613700 1
6614193 0
6614690 1
6615199 0
6615794 1
6616792 0
6617391 1
6618380 0
6618918 1
6622017 0
6625715 1
6642194 0
6645265 1
6662769 0
6665110 1
6683139 0
6684849 1
6703589 0
6704456 1
6723421 0
6724463 1
6743652 0
6744213 1
6763750 0
6764319 1
6784069 0
6784551 1
6804023 0
6804504 1
6823355 0
6823836 1
6843915 0
6844396 1
6884083 0
6884564 1
6903915 0
6905193 1
6924056 0
6924549 1
6943436 0
6943917 1
6964090 0
6964571 1
6984167 0
6984652 1
7016583 0
7018175 1
7018701 0
7019283 1
7021402 0
7022002 1
7022787 0
7025972 1
7026781 0
7027403 1
7028378 0
7028907 1
7042371 0
7045768 1
7062907 0
7065201 1
7083261 0
7085078 1
7103244 0
7104745 1
7123579 0
7124517 1
7143715 0
7144582 1
7163722 0
7164344 1
7183965 0
7184447 1
7185077 0
7185559 1
7204072 0
7204644 1
7223979 0
7224472 1
7243942 0
7244423 1
7264024 0
7264505 1
7303833 0
7304314 1
7324313 0
7324794 1
7344262 0
7344839 1
7404373 0
7404854 1
7427730 0
7429331 1
7429824 0
7430424 1
7430941 0
7431532 1
7432530 0
7433129 1
7434119 0
7435850 1
7436426 0
7436935 1
7437932 0
7438540 1
7439521 0
7440049 1
7442466 0
7446187 1
7462811 0
7465783 1
7483238 0
7485358 1
7503604 0
7504831 1
7523711 0
7524658 1
7543868 0
7544664 1
7564002 0
7564506 1
7583497 0
7583978 1
7584463 0
7584937 1
7604198 0
7605447 1
7624285 0
7624778 1
7644303 0
7644788 1
7663989 0
7664471 1
7684454 0
7684935 1
7704092 0
7704573 1
7724290 0
7724771 1
7763963 0
7764555 1
7784325 0
7784806 1
7804287 0
7804772 1
7837673 0
7839273 1
7839790 0
7840381 1
7840866 0
7841490 1
7842753 0
7846044 1
7846542 0
7847015 1
7847867 0
7848489 1
7849470 0
7849998 1
7862966 0
7866033 1
7866573 0
7867046 1
7883228 0
7885710 1
7903583 0
7905437 1
7923783 0
7925164 1
7943382 0
7943872 1
7944365 0
7944932 1
7964089 0
7964862 1
7984342 0
7984823 1
8004408 0
8004976 1
8024574 0
8025055 1
8044540 0
8045021 1
8064703 0
8065193 1
8083971 0
8084453 1
8104506 0
8104987 1
8144767 0
8146054 1
8247568 0
8249174 1
8249673 0
8250264 1
8250773 0
8251373 1
8252371 0
8252970 1
8253968 0
8254567 1
8255080 0
8255680 1
8257784 0
8258384 1
8259363 0
8259900 1
8262829 0
8266517 1
8283372 0
8286123 1
8303670 0
8305767 1
8323998 0
8325520 1
8344070 0
8345336 1
8364198 0
8365041 1
8365558 0
8366031 1
8384326 0
8385075 1
8404461 0
8404942 1
8424681 0
8425162 1
8444562 0
8445814 1
8464865 0
8465358 1
8484852 0
8485333 1
8504449 0
8504931 1
8524763 0
8525244 1
8583972 0
8584453 1
8584962 0
8585435 1
8604903 0
8605479 1
8624981 0
8625462 1
8644333 0
8644814 1
8658681 0
8660279 1
8660796 0
8661387 1
8661896 0
8662496 1
8663493 0
8666863 1
8667436 0
8667921 1
8668893 0
8669498 1
8670473 0
8671001 1
8683489 0
8686531 1
8703764 0
8706224 1
8706788 0
8707270 1
8723970 0
8725500 1
8744256 0
8745683 1
8764459 0
8765406 1
8784326 0
8785297 1
8804680 0
8805185 1
8824725 0
8825206 1
8844744 0
8845317 1
8864757 0
8865238 1
8904997 0
8905478 1
8925078 0
8925559 1
8945080 0
8945561 1
8985104 0
8985585 1
9025469 0
9026720 1
9065480 0
9065973 1
9068540 0
9070140 1
9070656 0
9071247 1
9071737 0
9072337 1
9073334 0
9073942 1
9074939 0
9075538 1
9077157 0
9077752 1
9078731 0
9079338 1
9080359 0
9080868 1
9083260 0
9086949 1
9103407 0
9106520 1
9124125 0
9126174 1
9144447 0
9145837 1
9164534 0
9165319 1
9165887 0
9166360 1
9184847 0
9185399 1
9204776 0
9205280 1
9225115 0
9225596 1
9244947 0
9245428 1
9284527 0
9285096 1
9305254 0
9305736 1
9365433 0
9365914 1
9425364 0
9425845 1
9465781 0
9466262 1
9479694 0
9481287 1
9482893 0
9483513 1
9484247 0
9486884 1
9487377 0
9487850 1
9488335 0
9488904 1
9489876 0
9490484 1
9491481 0
9492009 1
9503748 0
9506984 1
9524085 0
9526636 1
9544571 0
9546258 1
9564682 0
9566053 1
9584934 0
9585754 1
9604965 0
9605691 1
9625125 0
9625653 1
9645335 0
9645904 1
9665524 0
9666005 1
9865610 0
9866092 1
9885832 0
9886313 1
9889627 0
9891243 1
9891737 0
9892336 1
9892830 0
9894100 1
9894668 0
9895153 1
9896025 0
9896647 1
9897136 0
9897736 1
9898230 0
9898846 1
9899827 0
9900426 1
9901439 0
9901943 1
9965825 0
9966413 1
9985068 0
9985959 1
10005054 0
10005536 1
10025275 0
10025804 1
10045475 0
10045957 1
10065673 0
10066923 1
10105896 0
10106389 1
10126176 0
10126658 1
10185070 0
10185552 1
10224998 0
10225480 1
10299627 0
10301243 1
10301737 0
10303461 1
10304424 0
10307772 1
10308266 0
10308860 1
10309832 0
10310441 1
10311439 0
10311949 1
10324416 0
10327318 1
10344748 0
10346868 1
10365089 0
10366567 1
10385208 0
10386321 1
10405803 0
10406285 1
10425639 0
10426121 1
10465687 0
10466169 1
10545499 0
10546068 1
10625507 0
10625989 1
10710752 0
10712369 1
10712863 0
10713482 1
10713977 0
10714577 1
10715567 0
10716176 1
10717467 0
10718032 1
10718522 0
10718996 1
10719489 0
10719987 1
10720977 0
10721562 1
10722560 0
10723089 1
10724112 0
10727754 1
10744500 0
10747249 1
10765046 0
10766969 1
10785277 0
10786508 1
10805475 0
10806423 1
10825735 0
10826273 1
10845871 0
10847123 1
10865964 0
10866458 1
10885203 0
10885685 1
10906151 0
10906637 1
10925582 0
10926064 1
10946190 0
10946672 1
11005299 0
11006574 1
11045432 0
11045930 1
11120732 0
11122349 1
11122843 0
11123435 1
11123945 0
11124569 1
11125064 0
11127831 1
11130948 0
11131560 1
11132539 0
11133046 1
11144566 0
11147704 1
11165088 0
11167360 1
11185531 0
11186959 1
11205599 0
11206585 1
11225991 0
11226564 1
11246025 0
11246507 1
11266121 0
11266603 1
11326176 0
11326658 1
11506203 0
11506685 1
11526755 0
11527237 1
11531930 0
11533521 1
11534019 0
11534620 1
11535137 0
11535729 1
11536719 0
11537332 1
11538330 0
11538939 1
11539438 0
11541138 1
11542122 0
11542733 1
11543732 0
11544332 1
11544818 0
11548137 1
11565015 0
11567677 1
11585322 0
11586845 1
11587339 0
11588584 1
11605608 0
11607204 1
11625896 0
11626835 1
11646026 0
11646682 1
11666233 0
11666715 1
11686316 0
11686822 1
11706585 0
11707860 1
11726549 0
11727047 1
11746524 0
11747006 1
11926649 0
11927131 1
11941876 0
11943493 1
11943987 0
11944602 1
11945875 0
11947887 1
11948393 0
11948914 1
11949406 0
11950007 1
11950501 0
11951093 1
11952092 0
11952692 1
11953682 0
11954220 1
11965047 0
11968205 1
11985034 0
11985595 1
11986113 0
11987863 1
12005755 0
12007206 1
12026082 0
12027242 1
12046171 0
12046676 1
12066440 0
12067017 1
12085870 0
12086352 1
12087342 0
12087824 1
12106546 0
12107027 1
12107537 0
12108020 1
12146899 0
12148167 1
12166759 0
12167257 1
12186461 0
12186943 1
12206803 0
12207294 1
12266656 0
12267138 1
12326207 0
12326689 1
12351811 0
12353426 1
12354013 0
12354530 1
12355016 0
12355632 1
12356631 0
12357235 1
12358225 0
12358836 1
12359333 0
12359925 1
12362028 0
12362629 1
12363608 0
12364161 1
12364963 0
12368581 1
12385529 0
12388258 1
12405852 0
12407997 1
12425989 0
12427456 1
12446236 0
12447399 1
12466550 0
12467229 1
12486615 0
12487097 1
12506718 0
12507200 1
12526860 0
12527341 1
12547009 0
12547491 1
12606941 0
12607514 1
12666658 0
12667140 1
12687745 0
12688227 1
12747260 0
12747751 1
12762963 0
12764580 1
12765074 0
12768543 1
12769366 0
12769978 1
12770472 0
12771064 1
12771574 0
12772175 1
12773154 0
12773777 1
12774776 0
12775282 1
12785336 0
12788679 1
12805848 0
12808320 1
12826133 0
12827797 1
12846363 0
12847791 1
12866528 0
12867562 1
12886803 0
12887356 1
12906876 0
12908138 1
12926902 0
12927396 1
12946552 0
12947034 1
12987255 0
12987741 1
13006827 0
13007309 1
13026909 0
13027391 1
13047108 0
13047685 1
13067429 0
13067911 1
13087435 0
13087917 1
13107900 0
13108382 1
13127535 0
13128017 1
13167014 0
13167496 1
13172979 0
13174588 1
13175087 0
13175682 1
13176169 0
13176793 1
13177768 0
13178391 1
13179373 0
13179973 1
13180482 0
13181074 1
13183186 0
13183782 1
13184777 0
13186031 1
13186529 0
13189210 1
13205930 0
13208729 1
13226277 0
13228501 1
13246531 0
13248100 1
13266660 0
13267832 1
13286729 0
13287771 1
13306982 0
13307511 1
13327303 0
13327817 1
13347295 0
13347777 1
13367446 0
13368715 1
13387447 0
13387948 1
13407222 0
13407704 1
13487351 0
13487833 1
13507575 0
13508056 1
13526685 0
13527167 1
13547703 0
13548300 1
13584157 0
13585774 1
13586268 0
13588626 1
13589120 0
13589622 1
13590566 0
13591174 1
13591668 0
13592260 1
13666949 0
13668132 1
13687019 0
13688108 1
13707246 0
13707869 1
13727247 0
13727837 1
13747527 0
13748009 1
13767442 0
13768703 1
13787806 0
13788304 1
13807464 0
13807970 1
13827103 0
13827598 1
13828351 0
13828826 1
13847627 0
13848109 1
13867840 0
13868409 1
13887473 0
13887955 1
13907697 0
13908179 1
13927895 0
13928381 1
13947802 0
13948284 1
13967486 0
13967968 1
13987928 0
13988501 1
13994088 0
13995705 1
13996199 0
13996804 1
13997298 0
13997913 1
13998914 0
13999518 1
14000508 0
14001093 1
14002722 0
14003322 1
14004293 0
14004916 1
14005892 0
14009857 1
14026311 0
14029414 1
14046767 0
14048384 1
14048878 0
14050119 1
14067180 0
14068839 1
14087208 0
14087713 1
14088199 0
14088674 1
14107371 0
14108390 1
14127433 0
14128207 1
14147604 0
14148875 1
14167758 0
14168277 1
14187773 0
14188256 1
14207902 0
14208384 1
14227926 0
14228420 1
14267582 0
14268064 1
14328043 0
14328626 1
14348296 0
14348779 1
14367335 0
14367821 1
14404043 0
14405660 1
14406154 0
14406840 1
14407326 0
14409597 1
14410851 0
14411409 1
14411899 0
14412373 1
14412859 0
14413333 1
14414242 0
14414846 1
14415836 0
14416374 1
14426404 0
14429771 1
14446511 0
14449455 1
14467069 0
14468909 1
14487399 0
14488867 1
14507631 0
14508761 1
14527779 0
14528576 1
14547817 0
14549068 1
14567923 0
14568467 1
14587994 0
14588476 1
14608237 0
14608719 1
14628100 0
14628582 1
14648099 0
14648581 1
14669094 0
14670367 1
14688248 0
14688747 1
14708367 0
14708854 1
14728463 0
14728945 1
14748367 0
14748855 1
14768426 0
14768909 1
14788575 0
14789856 1
14815181 0
14816810 1
14817304 0
14817896 1
14818405 0
14819006 1
14819987 0
14820611 1
14821586 0
14822210 1
14823806 0
14824403 1
14825406 0
14826053 1
14826539 0
14830355 1
14846914 0
14849909 1
14867355 0
14869635 1
14887561 0
14889039 1
14907788 0
14909108 1
14927546 0
14928052 1
14928547 0
14929029 1
14948112 0
14948618 1
14968648 0
14969130 1
14988331 0
14988814 1
