1632 0
6437 1
21490 0
26475 1
41644 0
46386 1
61654 0
66569 1
81685 0
86506 1
101702 0
106468 1
121710 0
126499 1
141717 0
146562 1
922274 0
927103 1
942292 0
947116 1
947608 0
948081 1
962481 0
967572 1
982519 0
987610 1
1002522 0
1007590 1
1022527 0
1027642 1
1042541 0
1047720 1
1052251 0
1053868 1
1054361 0
1054961 1
1055455 0
1056074 1
1057072 0
1057672 1
1058667 0
1059252 1
1059769 0
1061494 1
1062074 0
1069251 1
1082037 0
1087643 1
1102169 0
1107576 1
1122325 0
1127347 1
1142382 0
1147333 1
1162565 0
1167895 1
1182573 0
1187899 1
1188517 0
1188990 1
1202662 0
1207541 1
1222340 0
1227550 1
1242299 0
1247485 1
1262336 0
1267499 1
1282411 0
1287453 1
1302420 0
1307394 1
1322483 0
1327481 1
1342537 0
1347418 1
1362577 0
1367496 1
1382536 0
1387557 1
1402540 0
1407560 1
1422589 0
1427472 1
1442611 0
1447482 1
1462067 0
1469145 1
1469638 0
1470182 1
1470668 0
1471268 1
1472266 0
1472874 1
1474128 0
1474681 1
1476743 0
1477256 1
1481855 0
1488862 1
1502131 0
1508390 1
1522359 0
1528201 1
1528724 0
1529198 1
1542363 0
1548007 1
1562524 0
1567849 1
1582529 0
1587786 1
1602628 0
1607745 1
1622666 0
1627782 1
1642718 0
1647692 1
1662463 0
1667537 1
1682705 0
1687596 1
1702731 0
1707752 1
1722784 0
1727640 1
1742777 0
1747845 1
1762782 0
1767733 1
1782740 0
1787785 1
1802773 0
1807727 1
1822962 0
1827938 1
1843073 0
1848026 1
1863056 0
1868198 1
1871890 0
1873506 1
1874023 0
1874615 1
1875124 0
1876368 1
1876937 0
1877422 1
1878309 0
1878909 1
1879418 0
1880009 1
1880527 0
1881107 1
1882097 0
1890025 1
1902545 0
1909473 1
1922773 0
1929173 1
1942856 0
1948751 1
1962891 0
1967723 1
1982905 0
1987929 1
2002940 0
2007867 1
2023001 0
2027921 1
2043077 0
2047872 1
2063063 0
2067865 1
2083072 0
2087849 1
2103079 0
2107856 1
2123185 0
2128331 1
2143310 0
2148513 1
2163328 0
2168590 1
2183297 0
2188596 1
2203317 0
2208614 1
2223333 0
2228573 1
2243434 0
2247683 1
2263369 0
2267618 1
2282870 0
2288647 1
2290372 0
2290981 1
2291478 0
2292069 1
2293059 0
2293667 1
2294664 0
2295192 1
2302740 0
2308847 1
2322893 0
2328647 1
2343121 0
2348340 1
2363207 0
2368024 1
2383324 0
2387960 1
2403312 0
2407962 1
2423365 0
2427858 1
2443405 0
2447938 1
2463481 0
2467824 1
2483440 0
2487899 1
2503527 0
2507900 1
2523445 0
2527834 1
2543544 0
2547889 1
2563535 0
2567997 1
2583588 0
2588004 1
2603549 0
2608020 1
2623581 0
2628009 1
2643578 0
2647850 1
2663540 0
2667932 1
2683605 0
2687974 1
2692745 0
2694337 1
2694854 0
2696571 1
2697549 0
2698170 1
2699149 0
2699748 1
2700242 0
2700841 1
2701349 0
2701964 1
2702812 0
2709386 1
2723096 0
2728501 1
2743341 0
2748694 1
2763439 0
2768519 1
2783499 0
2788363 1
2803520 0
2808328 1
2823678 0
2828312 1
2843684 0
2848218 1
2863759 0
2868183 1
2883689 0
2888149 1
2903716 0
2908132 1
2923769 0
2928194 1
2943760 0
2948176 1
2963810 0
2968179 1
2983794 0
2988243 1
3003831 0
3008066 1
3023836 0
3028228 1
3043913 0
3048188 1
3063930 0
3068134 1
3083911 0
3088020 1
3103707 0
3109241 1
3110120 0
3111829 1
3112405 0
3112923 1
3113920 0
3114519 1
3115521 0
3116025 1
3123225 0
3129460 1
3143478 0
3149114 1
3163635 0
3168828 1
3183703 0
3188582 1
3203804 0
3208470 1
3223834 0
3228501 1
3243946 0
3248439 1
3263952 0
3268430 1
3283970 0
3288486 1
3303974 0
3308437 1
3323978 0
3328479 1
3344044 0
3348419 1
3364122 0
3368495 1
3384083 0
3388467 1
3404078 0
3408493 1
3424080 0
3427990 1
3444108 0
3448518 1
3464103 0
3468457 1
3484161 0
3488546 1
3504052 0
3508506 1
3513586 0
3515206 1
3515699 0
3516290 1
3518399 0
3519007 1
3519989 0
3520611 1
3521097 0
3521697 1
3522190 0
3522804 1
3523464 0
3529910 1
3543589 0
3549461 1
3563819 0
3569226 1
3583929 0
3589041 1
3604044 0
3608884 1
3624128 0
3628912 1
3644159 0
3648852 1
3664248 0
3668796 1
3684380 0
3689374 1
3704397 0
3709485 1
3724369 0
3729493 1
3744408 0
3749403 1
3764392 0
3769491 1
3784470 0
3789498 1
3804484 0
3809456 1
3824513 0
3829447 1
3844504 0
3849627 1
3864568 0
3869493 1
3884362 0
3889509 1
3904534 0
3909445 1
3923484 0
3930735 1
3931228 0
3932722 1
3933705 0
3934296 1
3935285 0
3935790 1
3944006 0
3950919 1
3964238 0
3970449 1
3984325 0
3990338 1
4004482 0
4010133 1
4064420 0
4069529 1
4084228 0
4089470 1
4104259 0
4109500 1
4124244 0
4129470 1
4144353 0
4149524 1
4164385 0
4169460 1
4184360 0
4189500 1
4204412 0
4209440 1
4224394 0
4229493 1
4244434 0
4249463 1
4264399 0
4269524 1
4284454 0
4289505 1
4304493 0
4309630 1
4324502 0
4329495 1
4334452 0
4336044 1
4336561 0
4337161 1
4337654 0
4338269 1
4339248 0
4339871 1
4340837 0
4341468 1
4343067 0
4351016 1
4363948 0
4370403 1
4384152 0
4390363 1
4404310 0
4409749 1
4410242 0
4410715 1
4424385 0
4429847 1
4444443 0
4449798 1
4464530 0
4469664 1
4484595 0
4489648 1
4504658 0
4509762 1
4524667 0
4529766 1
4544681 0
4549781 1
4564665 0
4569738 1
4584701 0
4589742 1
4604696 0
4609701 1
4624737 0
4629709 1
4644721 0
4649796 1
4664703 0
4669783 1
4684770 0
4689695 1
4704796 0
4709758 1
4724787 0
4729769 1
4744324 0
4751378 1
4751872 0
4752447 1
4752936 0
4753527 1
4754526 0
4755124 1
4756123 0
4757365 1
4758877 0
4759418 1
4759926 0
4760400 1
4764148 0
4771085 1
4784400 0
4790729 1
4804535 0
4810457 1
4824592 0
4830253 1
4844749 0
4850152 1
4864782 0
4870055 1
4884896 0
4889925 1
4904832 0
4910026 1
4924941 0
4929937 1
4944948 0
4949906 1
4964955 0
4969815 1
4985011 0
4989704 1
5005006 0
5009860 1
5025013 0
5029878 1
5045078 0
5049839 1
5065067 0
5069875 1
5085155 0
5090020 1
5105090 0
5110029 1
5125086 0
5130068 1
5145116 0
5149957 1
5155319 0
5156916 1
5157432 0
5158034 1
5158534 0
5159148 1
5160404 0
5160969 1
5161726 0
5162334 1
5162827 0
5163418 1
5163927 0
5172088 1
5184758 0
5191789 1
5205010 0
5211458 1
5225138 0
5231226 1
5245265 0
5251196 1
5265285 0
5271014 1
5285394 0
5290974 1
5305307 0
5310910 1
5325408 0
5330927 1
5345404 0
5350890 1
5365473 0
5370838 1
5385538 0
5390874 1
5405522 0
5410811 1
5425507 0
5430852 1
5445570 0
5450740 1
5465600 0
5470794 1
5485605 0
5489862 1
5505630 0
5509842 1
5525625 0
5529882 1
5545514 0
5549936 1
5565208 0
5570844 1
5571606 0
5572228 1
5572713 0
5574434 1
5575400 0
5576020 1
5577018 0
5577522 1
5584988 0
5591199 1
5604913 0
5610729 1
5625283 0
5630570 1
5645416 0
5650436 1
5665705 0
5670919 1
5685716 0
5690933 1
5705699 0
5710973 1
5725612 0
5730909 1
5745841 0
5750822 1
5765833 0
5770957 1
5785841 0
5790648 1
5805837 0
5810854 1
5825877 0
5830695 1
5845920 0
5850798 1
5865975 0
5870768 1
5885866 0
5890965 1
5905880 0
5910933 1
5925908 0
5931037 1
5931534 0
5932007 1
5945974 0
5950910 1
5965960 0
5970004 1
5975004 0
5976620 1
5977113 0
5977713 1
5978206 0
5979446 1
5980011 0
5980496 1
5981418 0
5982027 1
5982520 0
5983111 1
5983624 0
5984224 1
5985197 0
5991597 1
6005356 0
6011099 1
6025563 0
6030905 1
6045671 0
6050704 1
6065738 0
6070664 1
6085816 0
6090562 1
6105856 0
6110499 1
6125912 0
6130437 1
6145752 0
6150470 1
6165845 0
6170384 1
6185994 0
6190472 1
6205985 0
6210360 1
6226063 0
6230347 1
6246082 0
6250457 1
6266019 0
6270428 1
6286098 0
6290484 1
6306101 0
6310476 1
6326083 0
6330457 1
6346184 0
6350512 1
6366131 0
6370261 1
6385895 0
6391489 1
6392753 0
6393317 1
6393806 0
6394279 1
6394768 0
6395242 1
6396089 0
6396689 1
6397687 0
6398215 1
6405390 0
6411729 1
6425692 0
6431300 1
6445864 0
6451093 1
6465905 0
6470839 1
6486044 0
6490711 1
6506060 0
6510719 1
6526163 0
6530688 1
6546181 0
6550711 1
6566189 0
6570669 1
6586232 0
6590607 1
6606221 0
6610771 1
6626262 0
6630684 1
6646272 0
6650772 1
6666311 0
6670661 1
6686365 0
6690759 1
6706330 0
6710704 1
6726392 0
6730814 1
6746351 0
6750749 1
6766383 0
6770837 1
6786399 0
6790822 1
6795586 0
6797221 1
6797802 0
6798316 1
6798801 0
6799405 1
6800402 0
6801034 1
6802008 0
6802607 1
6803119 0
6803720 1
6804213 0
6804804 1
6806050 0
6812133 1
6825839 0
6831809 1
6846023 0
6851429 1
6866170 0
6871326 1
6886257 0
6891088 1
6906344 0
6911002 1
6926399 0
6931020 1
6946445 0
6950256 1
6950749 0
6951222 1
6966461 0
6970882 1
6986547 0
6990922 1
7006532 0
7010929 1
7026538 0
7030859 1
7046587 0
7050777 1
7066565 0
7070893 1
7086598 0
7090878 1
7106568 0
7110816 1
7126670 0
7130974 1
7146687 0
7150679 1
7166759 0
7170839 1
7186723 0
7190792 1
7206613 0
7212123 1
7213025 0
7213633 1
7214126 0
7214741 1
7215226 0
7215826 1
7216824 0
7273329 1
7286496 0
7291363 1
7306585 0
7311251 1
7326672 0
7331165 1
7346683 0
7351208 1
7366746 0
7371144 1
7386778 0
7391108 1
7406763 0
7411033 1
7426790 0
7430802 1
7446844 0
7451052 1
7466999 0
7471376 1
7487032 0
7491383 1
7507047 0
7511351 1
7527071 0
7531181 1
7547015 0
7551228 1
7566886 0
7571142 1
7586924 0
7591147 1
7606932 0
7611259 1
7616457 0
7618051 1
7618574 0
7620297 1
7621260 0
7621871 1
7622864 0
7623472 1
7623965 0
7624556 1
7625065 0
7625665 1
7626253 0
7632597 1
7646378 0
7652224 1
7666560 0
7671601 1
7686660 0
7691688 1
7706792 0
7711624 1
7726825 0
7731520 1
7746918 0
7751339 1
7766926 0
7771395 1
7786740 0
7791422 1
7806997 0
7811442 1
7827005 0
7831379 1
7847034 0
7851338 1
7867052 0
7871426 1
7887060 0
7891458 1
7907044 0
7911462 1
7927032 0
7931293 1
7947029 0
7951521 1
7967038 0
7971563 1
7987078 0
7991570 1
8007086 0
8011461 1
8026201 0
8032482 1
8033742 0
8034327 1
8034820 0
8035396 1
8036393 0
8036993 1
8037992 0
8038503 1
8046420 0
8052749 1
8066775 0
8072332 1
8086807 0
8092071 1
8107006 0
8111944 1
8127002 0
8131809 1
8147134 0
8151791 1
8167051 0
8171788 1
8187129 0
8191677 1
8207120 0
8211648 1
8227129 0
8231680 1
8247196 0
8251791 1
8267214 0
8271706 1
8287198 0
8291691 1
8307206 0
8311684 1
8327268 0
8331468 1
8347274 0
8351716 1
8367306 0
8371681 1
8387299 0
8391720 1
8407308 0
8411753 1
8427316 0
8431793 1
8437260 0
8438884 1
8439377 0
8441098 1
8442064 0
8442708 1
8443681 0
8444280 1
8444789 0
8445389 1
8445882 0
8453268 1
8466805 0
8472724 1
8486954 0
8492464 1
8507099 0
8512287 1
8527156 0
8532138 1
8547242 0
8552027 1
8567344 0
8572033 1
8587264 0
8591978 1
8607343 0
8611892 1
8627382 0
8631924 1
8647428 0
8651696 1
8667446 0
8671970 1
8687462 0
8691882 1
8707444 0
8711794 1
8727524 0
8731906 1
8747492 0
8751447 1
8767486 0
8771966 1
8787478 0
8791984 1
8807513 0
8811952 1
8827516 0
8831972 1
8847148 0
8852799 1
8853561 0
8854183 1
8855768 0
8856360 1
8857344 0
8857968 1
8858946 0
8859474 1
8866887 0
8873103 1
8887074 0
8892818 1
8907268 0
8912543 1
8927358 0
8932433 1
8947423 0
8952175 1
8967478 0
8972196 1
8987536 0
8992083 1
9007598 0
9012088 1
9027602 0
9032022 1
9047640 0
9052107 1
9067736 0
9072109 1
9087724 0
9092097 1
9107683 0
9112112 1
9127723 0
9132119 1
9147592 0
9151941 1
9167772 0
9172122 1
9187731 0
9192114 1
9207736 0
9212098 1
9227764 0
9231986 1
9247746 0
9252118 1
9258137 0
9259736 1
9260253 0
9260853 1
9261346 0
9262586 1
9263151 0
9263640 1
9264535 0
9265143 1
9265636 0
9266251 1
9266736 0
9273570 1
9287273 0
9293145 1
9307478 0
9312892 1
9327551 0
9332678 1
9347646 0
9352501 1
9367676 0
9372460 1
9387786 0
9392451 1
9407768 0
9412362 1
9427797 0
9432320 1
9447884 0
9452312 1
9467884 0
9472393 1
9487875 0
9492329 1
9507949 0
9512393 1
9527957 0
9532283 1
9547950 0
9551983 1
9567985 0
9572263 1
9588016 0
9592338 1
9607975 0
9612336 1
9628112 0
9632753 1
9648200 0
9652714 1
9668233 0
9672778 1
9675927 0
9677543 1
9678060 0
9679764 1
9680735 0
9681350 1
9682348 0
9682970 1
9683456 0
9684056 1
9684549 0
9685140 1
9686138 0
9686761 1
9687364 0
9693551 1
9707580 0
9713076 1
9727795 0
9732777 1
9747848 0
9752688 1
9767936 0
9772506 1
9788047 0
9792786 1
9808200 0
9812888 1
9828262 0
9832922 1
9848268 0
9852758 1
9868275 0
9872889 1
9888341 0
9892826 1
9907957 0
9912716 1
9927950 0
9932874 1
9947982 0
9952876 1
9967976 0
9972841 1
9988317 0
9993125 1
10008313 0
10013207 1
10028295 0
10033030 1
10048357 0
10053087 1
10068328 0
10073000 1
10085769 0
10087398 1
10087892 0
10094116 1
10094610 0
10095085 1
10095980 0
10096589 1
10097564 0
10098093 1
10102575 0
10103832 1
10107246 0
10113713 1
10114207 0
10114685 1
10123068 0
10123550 1
10127663 0
10133874 1
10148012 0
10153718 1
10168144 0
10173772 1
10188182 0
10193640 1
10208291 0
10213673 1
10228308 0
10233542 1
10248340 0
10253456 1
10268406 0
10273499 1
10288450 0
10293465 1
10308487 0
10313432 1
10328522 0
10333370 1
10348485 0
10353341 1
10368528 0
10373470 1
10388536 0
10392668 1
10408128 0
10413396 1
10428137 0
10433316 1
10448154 0
10453347 1
10468164 0
10473357 1
10488158 0
10493150 1
10496733 0
10554151 1
10567967 0
10573438 1
10573932 0
10574406 1
10588078 0
10593610 1
10608142 0
10613577 1
10628195 0
10633468 1
10648168 0
10653501 1
10668274 0
10673501 1
10688270 0
10693413 1
10708362 0
10713234 1
10728324 0
10733487 1
10748213 0
10753530 1
10768349 0
10773443 1
10788386 0
10793455 1
10808375 0
10813444 1
10828441 0
10833486 1
10848401 0
10853470 1
10868440 0
10872973 1
10888372 0
10893472 1
10906532 0
10914768 1
10915263 0
10915764 1
10916716 0
10917340 1
10918338 0
10918852 1
10922412 0
10922894 1
10927768 0
10934701 1
10948046 0
10954398 1
10968206 0
10974054 1
10988340 0
10993795 1
11008404 0
11013709 1
11028438 0
11033801 1
11048487 0
11053675 1
11068529 0
11073669 1
11088562 0
11093537 1
11108581 0
11113650 1
11128544 0
11133567 1
11148578 0
11153710 1
11168565 0
11173669 1
11188618 0
11193617 1
11208626 0
11213648 1
11228643 0
11233632 1
11248697 0
11253577 1
11268703 0
11273605 1
11288697 0
11293498 1
11308705 0
11313623 1
11317428 0
11319028 1
11319546 0
11320147 1
11320641 0
11321233 1
11322513 0
11323078 1
11323840 0
11324444 1
11324930 0
11325531 1
11326025 0
11326641 1
11327640 0
11335724 1
11348407 0
11354568 1
11368487 0
11374029 1
11388573 0
11393972 1
11408700 0
11413793 1
11428743 0
11433746 1
11448663 0
11453850 1
11468824 0
11473743 1
11488890 0
11493801 1
11508846 0
11513647 1
11528884 0
11533662 1
11548894 0
11553798 1
11568889 0
11573737 1
11588946 0
11593770 1
11608948 0
11613792 1
11628954 0
11633825 1
11649010 0
11653787 1
11668925 0
11673806 1
11688964 0
11693835 1
11708951 0
11713794 1
11727199 0
11735380 1
11735875 0
11736419 1
11737409 0
11738019 1
11739000 0
11739506 1
11743057 0
11743539 1
11748353 0
11755034 1
11768490 0
11774788 1
11788699 0
11794508 1
11808828 0
11814260 1
11828916 0
11834174 1
11848924 0
11854087 1
11869230 0
11874521 1
11889244 0
11894463 1
11908834 0
11914454 1
11928914 0
11934369 1
11948932 0
11954308 1
11968991 0
11974352 1
11989025 0
11994370 1
12008984 0
12014429 1
12029039 0
12034277 1
12049076 0
12054366 1
12069047 0
12074304 1
12089126 0
12094193 1
12109074 0
12114352 1
12129202 0
12134342 1
12136885 0
12138487 1
12138985 0
12139585 1
12140088 0
12140680 1
12141679 0
12142955 1
12143524 0
12144010 1
12144496 0
12145017 1
12145503 0
12146099 1
12147079 0
12147706 1
12148239 0
12155961 1
12163288 0
12163858 1
12164395 0
12164869 1
12168499 0
12175476 1
12188731 0
12195202 1
12208843 0
12214873 1
12228933 0
12234846 1
12248985 0
12254773 1
12269118 0
12274715 1
12289150 0
12294511 1
12309163 0
12314524 1
12329135 0
12334393 1
12349216 0
12354600 1
12369232 0
12374538 1
12389200 0
12394552 1
12409137 0
12414545 1
12429261 0
12434575 1
12449260 0
12454565 1
12469250 0
12474526 1
12489264 0
12494566 1
12509292 0
12514643 1
12529277 0
12534662 1
12547887 0
12556101 1
12556595 0
12557116 1
12558084 0
12559370 1
12559939 0
12560425 1
12563134 0
12563663 1
12564154 0
12564637 1
12568590 0
12575920 1
12588913 0
12595574 1
12609054 0
12615304 1
12629133 0
12635174 1
12649224 0
12655043 1
12669289 0
12675059 1
12689345 0
12694997 1
12709388 0
12714739 1
12729437 0
12734786 1
12749438 0
12754846 1
12769504 0
12774762 1
12789516 0
12794782 1
12809501 0
12814768 1
12829566 0
12834903 1
12849556 0
12854858 1
12869568 0
12874835 1
12889365 0
12894797 1
12909668 0
12914760 1
12929850 0
12935164 1
12949915 0
12955219 1
12957645 0
12959242 1
12959740 0
12960332 1
12960841 0
12961442 1
12962440 0
12963040 1
12964039 0
12964667 1
12965153 0
12966858 1
12967817 0
12968456 1
12969116 0
12976525 1
12977019 0
12977493 1
12989357 0
12996532 1
13009518 0
13016132 1
13029654 0
13035995 1
13049740 0
13055884 1
13069816 0
13075262 1
13075765 0
13076247 1
13089780 0
13095644 1
13109890 0
13115533 1
13129948 0
13135523 1
13149973 0
13155569 1
13170005 0
13175436 1
13189991 0
13195426 1
13210037 0
13215271 1
13230070 0
13235408 1
13250025 0
13255355 1
13270064 0
13275392 1
13290118 0
13295502 1
13310080 0
13315489 1
13330097 0
13335576 1
13350130 0
13355492 1
13368669 0
13376937 1
13377436 0
13377910 1
13378860 0
13379469 1
13380444 0
13380973 1
13389530 0
13396868 1
13409710 0
13455876 1
13470010 0
13475934 1
13490055 0
13495807 1
13510123 0
13515743 1
13530178 0
13535737 1
13550221 0
13555653 1
13570255 0
13575369 1
13576041 0
13576523 1
13590251 0
13595683 1
13610284 0
13615715 1
13630301 0
13635709 1
13650382 0
13655885 1
13670315 0
13675172 1
13675671 0
13676149 1
13690426 0
13695882 1
13710296 0
13715855 1
13730433 0
13735817 1
13750347 0
13755894 1
13770430 0
13775864 1
13778494 0
13780111 1
13780609 0
13781201 1
13781720 0
13782296 1
13783310 0
13783919 1
13784893 0
13786616 1
13787190 0
13787699 1
13788708 0
13789355 1
13789841 0
13797511 1
13809877 0
13817018 1
13830084 0
13836650 1
13850164 0
13856389 1
13870279 0
13876266 1
13890291 0
13896085 1
13910349 0
13916271 1
13930368 0
13936083 1
13950401 0
13956195 1
13970417 0
13976207 1
13990462 0
13996012 1
14010424 0
14016148 1
14030459 0
14035994 1
14050523 0
14056096 1
14070556 0
14075940 1
14090354 0
14096099 1
14110515 0
14115994 1
14116511 0
14116990 1
14130553 0
14136056 1
14150618 0
14156050 1
14170604 0
14176031 1
14188259 0
14189869 1
14190363 0
14197741 1
14198462 0
14199062 1
14200052 0
14200567 1
14209979 0
14217529 1
14230206 0
14236975 1
14250335 0
14256602 1
14270441 0
14276692 1
14290474 0
14296536 1
14310655 0
14316472 1
14330639 0
14336362 1
14350752 0
14356375 1
14370706 0
14376314 1
14390751 0
14396328 1
14410796 0
14416030 1
14430828 0
14436306 1
14450742 0
14456362 1
14470853 0
14476280 1
14490823 0
14496330 1
14510815 0
14516388 1
14530871 0
14536280 1
14550795 0
14556368 1
14570898 0
14576330 1
14590847 0
14596370 1
14599344 0
14600937 1
14601455 0
14602051 1
14602537 0
14603138 1
14604136 0
14604760 1
14605735 0
14606359 1
14607958 0
14608562 1
14609541 0
14618032 1
14630368 0
14637564 1
14650533 0
14657170 1
14670636 0
14676967 1
14690728 0
14696809 1
14710824 0
14716513 1
14730855 0
14736432 1
14750868 0
14756568 1
14770958 0
14776412 1
14790967 0
14796493 1
14810905 0
14816349 1
14830939 0
14836557 1
14851016 0
14856495 1
14871030 0
14876462 1
14891001 0
14896574 1
14911010 0
14916490 1
14931098 0
14936565 1
14951028 0
14956587 1
14971116 0
14976618 1
14990904 0
14996527 1
15009234 0
15018511 1
15019438 0
15020062 1
15021368 0
15021937 1
15030479 0
15037919 1
15050713 0
15057549 1
15070823 0
15077239 1
15090949 0
15097129 1
15111016 0
15116763 1
15131137 0
15136849 1
15151146 0
15156836 1
15171106 0
15176876 1
15191196 0
15196745 1
15211206 0
15216732 1
15231237 0
15236570 1
15251235 0
15256750 1
15271280 0
15276641 1
15291312 0
15296673 1
15311305 0
15316373 1
15331288 0
15336719 1
15351326 0
15356753 1
15371358 0
15376628 1
15391402 0
15396693 1
15411342 0
15416774 1
15420176 0
15421793 1
15422287 0
15422883 1
15423393 0
15424679 1
15425245 0
15425731 1
15426583 0
15427196 1
15427690 0
15428282 1
15428796 0
15429397 1
15430372 0
15438397 1
15450898 0
15457912 1
15471071 0
15477570 1
15491138 0
15497073 1
15511216 0
15517080 1
15531305 0
15536808 1
15551384 0
15556886 1
15571402 0
15576980 1
15591420 0
15596922 1
15611429 0
15616908 1
15631494 0
15636878 1
15637901 0
15638386 1
15651507 0
15656939 1
15671576 0
15676954 1
15691466 0
15696827 1
15711553 0
15716834 1
15731537 0
15736700 1
15751544 0
15756858 1
15771585 0
15776887 1
15791605 0
15796953 1
15811625 0
15816845 1
15830028 0
15838313 1
15838807 0
15839281 1
15840224 0
15840833 1
15841831 0
15843081 1
15850980 0
15858159 1
15871247 0
15877909 1
15891358 0
15897704 1
15911458 0
15917473 1
15931521 0
15937283 1
15951591 0
15957200 1
15971617 0
15977024 1
15991635 0
15997184 1
16011690 0
16017099 1
16031709 0
16037164 1
16051716 0
16057148 1
16071772 0
16077101 1
16091786 0
16097194 1
16111503 0
16117183 1
16131786 0
16137321 1
16151805 0
16157284 1
16157849 0
16158328 1
16171824 0
16177267 1
16191835 0
16197243 1
16211797 0
16217299 1
16231862 0
16237317 1
16239751 0
16241372 1
16241866 0
16243568 1
16244555 0
16245166 1
16246166 0
16246789 1
16247275 0
16247878 1
16248377 0
16248969 1
16249968 0
16250591 1
16251081 0
16258876 1
16271251 0
16278483 1
16291493 0
16298180 1
16311596 0
16317896 1
16331704 0
16337545 1
16351757 0
16357465 1
16371827 0
16424269 1
16431881 0
16437395 1
16451925 0
16457436 1
16471896 0
16477374 1
16491833 0
16497406 1
16512015 0
16517394 1
16531955 0
16537470 1
16551958 0
16557460 1
16572013 0
16577421 1
16592006 0
16597415 1
16612020 0
16617499 1
16632038 0
16637516 1
16650850 0
16659012 1
16659510 0
16660055 1
16661026 0
16661635 1
16662633 0
16663138 1
16671473 0
16678630 1
16691702 0
16698470 1
16711758 0
16718212 1
16731873 0
16738031 1
16751990 0
16757927 1
16772016 0
16777786 1
16792078 0
16797745 1
16812114 0
16817694 1
16832118 0
16837726 1
16852184 0
16857688 1
16872177 0
16877632 1
16892255 0
16897714 1
16912173 0
16917628 1
16932284 0
16937657 1
16952176 0
16957749 1
16972254 0
16977661 1
16992223 0
16997626 1
17012210 0
17017664 1
17032264 0
17037695 1
17052025 0
17057721 1
17058540 0
17059022 1
17060573 0
17062166 1
17062683 0
17063284 1
17063779 0
17064370 1
17065361 0
17065993 1
17067248 0
17067805 1
17068295 0
17068779 1
17069265 0
17069786 1
17070766 0
17071413 1
17071899 0
17079436 1
17091736 0
17098812 1
17111975 0
17118518 1
17132022 0
17138275 1
17152157 0
17157541 1
17158036 0
17158514 1
17172233 0
17177935 1
17192252 0
17197774 1
17212277 0
17217814 1
17232296 0
17237540 1
17252314 0
17257865 1
17272346 0
17277707 1
17292375 0
17297717 1
17312419 0
17317794 1
17332427 0
17337800 1
17352423 0
17357884 1
17372441 0
17377875 1
17392422 0
17397879 1
17412453 0
17417909 1
17432492 0
17437913 1
17452450 0
17457755 1
17471636 0
17479780 1
17480274 0
17480842 1
17481841 0
17482441 1
17483431 0
17483950 1
17491926 0
17499255 1
17512146 0
17518909 1
17532203 0
17538580 1
17552317 0
17558449 1
17572397 0
17578318 1
17592534 0
17598212 1
17612530 0
17618125 1
17632593 0
17638121 1
17652556 0
17658061 1
17672637 0
17678093 1
17692538 0
17698113 1
17712546 0
17718068 1
17732652 0
17737710 1
17738228 0
17738707 1
17752623 0
17758013 1
17772646 0
17778127 1
17792654 0
17798063 1
17812682 0
17817899 1
17832691 0
17837795 1
17852662 0
17858143 1
17872673 0
17878201 1
17881381 0
17882998 1
17883492 0
17884093 1
17886190 0
17886807 1
17887785 0
17888401 1
17888896 0
17889487 1
17889997 0
17890598 1
17891573 0
17899494 1
17912190 0
17919103 1
17932325 0
17938935 1
17952457 0
17958622 1
17972571 0
17978444 1
17992649 0
17998428 1
18012667 0
18018242 1
18032696 0
18038333 1
18052677 0
18058233 1
18072774 0
18078207 1
18092741 0
18098392 1
18112750 0
18118230 1
18132788 0
18138416 1
18152750 0
18158242 1
18172784 0
18178434 1
18192817 0
18198350 1
18212803 0
18218384 1
18232810 0
18238399 1
18252854 0
18258458 1
18272863 0
18278322 1
18291240 0
18299395 1
18299889 0
18300481 1
18301457 0
18302056 1
18303056 0
18303561 1
18312095 0
18318744 1
18332354 0
18338609 1
18352497 0
18358187 1
18372645 0
18378126 1
18392679 0
18397952 1
18412727 0
18417868 1
18432756 0
18437754 1
18452831 0
18457723 1
18472863 0
18477574 1
18492851 0
18497722 1
18512881 0
18517667 1
18532897 0
18537769 1
18552953 0
18557636 1
18572939 0
18577760 1
18592970 0
18597724 1
18612835 0
18617753 1
18632934 0
18637862 1
18652953 0
18657824 1
18673008 0
18677794 1
18693045 0
18697823 1
18702237 0
18703831 1
18704348 0
18704940 1
18705450 0
18706051 1
18707025 0
18707658 1
18708640 0
18710339 1
18710912 0
18711446 1
18712346 0
18719457 1
18732436 0
18738893 1
18752573 0
18758587 1
18772757 0
18778408 1
18792859 0
18798387 1
18812917 0
18818175 1
18832975 0
18838140 1
18853006 0
18858030 1
18873047 0
18878047 1
18893058 0
18897401 1
18913086 0
18918012 1
18933103 0
18937980 1
18953091 0
18958045 1
18973125 0
18978078 1
18993120 0
18998120 1
19013152 0
19018082 1
19033135 0
19038076 1
19053165 0
19058085 1
19073198 0
19078080 1
19093215 0
19098022 1
19112045 0
19119312 1
19119815 0
19120297 1
19122249 0
19122855 1
19123837 0
19124343 1
19132585 0
19139474 1
19152907 0
19159097 1
19172903 0
19178673 1
19193100 0
19198536 1
19213111 0
19218369 1
19233159 0
19238377 1
19253216 0
19258240 1
19273305 0
19278155 1
19293267 0
19298150 1
19313355 0
19318193 1
19333294 0
19338203 1
19353267 0
19358220 1
19373309 0
19378181 1
19393410 0
19398236 1
19413346 0
19418228 1
19433363 0
19489010 1
19493378 0
19498387 1
19513305 0
19518334 1
19523076 0
19524693 1
19525187 0
19525803 1
19527882 0
19528527 1
19529791 0
19530348 1
19530838 0
19531313 1
19531808 0
19532314 1
19532800 0
19539799 1
19552780 0
19559456 1
19572994 0
19579160 1
19593166 0
19598932 1
19613219 0
19618635 1
19633298 0
19638665 1
19653339 0
19658652 1
19673372 0
19678519 1
19693371 0
19698601 1
19713428 0
19718540 1
19733449 0
19738596 1
19753489 0
19758519 1
19773527 0
19778511 1
19793490 0
19798449 1
19813435 0
19818603 1
19833467 0
19838569 1
19853548 0
19858577 1
19859175 0
19859661 1
19873545 0
19878575 1
19893564 0
19898640 1
19913613 0
19918496 1
19932880 0
19939990 1
19940484 0
19941006 1
19941492 0
19942084 1
19943083 0
19943683 1
19944673 0
19945187 1
19948250 0
19948819 1
19952939 0
19959971 1
19973147 0
19979303 1
19993184 0
19999324 1
