527 1
15905 0
20863 1
36138 0
40612 1
56148 0
60212 1
76228 0
80302 1
96436 0
100287 1
116456 0
120277 1
136060 0
140125 1
156363 0
802712 1
803700 0
804313 1
805280 0
805833 1
815020 0
820932 1
835390 0
840633 1
855644 0
860431 1
875812 0
880181 1
895927 0
899959 1
916033 0
919593 1
936031 0
939800 1
956052 0
959718 1
976043 0
979638 1
996130 0
999702 1
1016092 0
1019688 1
1036127 0
1039652 1
1056123 0
1059496 1
1076203 0
1079484 1
1096096 0
1099377 1
1116014 0
1119540 1
1136107 0
1139459 1
1155730 0
1160005 1
1164028 0
1164602 1
1165386 0
1165869 1
1166403 0
1167100 1
1167595 0
1168071 1
1168590 0
1169065 1
1174006 0
1174513 1
1175000 0
1179742 1
1180312 0
1180800 1
1181438 0
1181927 1
1182493 0
1183189 1
1183708 0
1184183 1
1184671 0
1185146 1
1187880 0
1188363 1
1189833 0
1190396 1
1190943 0
1191435 1
1195885 0
1200183 1
1200749 0
1201225 1
1203529 0
1205148 1
1205643 0
1206269 1
1207579 0
1208260 1
1208751 0
1209234 1
1209923 0
1210552 1
1211039 0
1211647 1
1212142 0
1212736 1
1213421 0
1221730 1
1222249 0
1223759 1
1224338 0
1224825 1
1228087 0
1228885 1
1229555 0
1230038 1
1230549 0
1231048 1
1231535 0
1232017 1
1233182 0
1233665 1
1234924 0
1241011 1
1244418 0
1244901 1
1245609 0
1246093 1
1246580 0
1247150 1
1247637 0
1248673 1
1249215 0
1249698 1
1252826 0
1254124 1
1254691 0
1261045 1
1261701 0
1262188 1
1262699 0
1263198 1
1263686 0
1264185 1
1265303 0
1265794 1
1268551 0
1269035 1
1270283 0
1270837 1
1271352 0
1271858 1
1272345 0
1272820 1
1273368 0
1273855 1
1275123 0
1280862 1
1281381 0
1281869 1
1284624 0
1285204 1
1285821 0
1286297 1
1286807 0
1287314 1
1287802 0
1288324 1
1289419 0
1289902 1
1293323 0
1293806 1
1294293 0
1300366 1
1300944 0
1301512 1
1302306 0
1302789 1
1303300 0
1304011 1
1304499 0
1304983 1
1305510 0
1305985 1
1308182 0
1869827 1
1874838 0
1879464 1
2021416 0
2023015 1
2023541 0
2024134 1
2024645 0
2025223 1
2025741 0
2026334 1
2026845 0
2027447 1
2027942 0
2029644 1
2030219 0
2030729 1
2031241 0
2031745 1
2131577 0
2136626 1
2147681 0
2149780 1
2417196 0
2417679 1
2427568 0
2430123 1
2431448 0
2437505 1
2447573 0
2450105 1
2451445 0
2451934 1
2587496 0
2588610 1
2848742 0
2850360 1
2850855 0
2851456 1
2853075 0
2853665 1
2854156 0
2854749 1
2855269 0
2855846 1
2856357 0
2856950 1
2857469 0
2858046 1
2858557 0
2859056 1
3258921 0
3260534 1
3261109 0
3261625 1
3262112 0
3262705 1
3263215 0
3263825 1
3264320 0
3264913 1
3265424 0
3266026 1
3266520 0
3267113 1
3268735 0
3269317 1
3670288 0
3671890 1
3672409 0
3672987 1
3673506 0
3674099 1
3674609 0
3675188 1
3675706 0
3676299 1
3676810 0
3678515 1
3679085 0
3679596 1
3680107 0
3680605 1
4080783 0
4082392 1
4082911 0
4083489 1
4084008 0
4084601 1
4085111 0
4085690 1
4087294 0
4087892 1
4088407 0
4088984 1
4089494 0
4090096 1
4090591 0
4091090 1
4120445 0
4585574 1
4586140 0
4586615 1
4596309 0
4596883 1
4900836 0
4902436 1
4902955 0
4903533 1
4904052 0
4904645 1
4905155 0
4905734 1
4906252 0
4906845 1
4907356 0
4909053 1
4909632 0
4910150 1
4910661 0
4911161 1
5195326 0
5199601 1
5200095 0
5200579 1
5202981 0
5203472 1
5205937 0
5206420 1
5207712 0
5210182 1
5210681 0
5636515 1
5646427 0
5648945 1
5650330 0
5656355 1
5666432 0
5668925 1
5669515 0
5716393 1
5726432 0
5728941 1
5730960 0
5736326 1
5746418 0
5748879 1
5750296 0
5756344 1
5766430 0
5768891 1
5770276 0
5776325 1
5786436 0
5788897 1
5790296 0
5796340 1
5806435 0
5808872 1
5810266 0
5816329 1
5826438 0
5828978 1
5830222 0
5836331 1
5846441 0
5848949 1
5850244 0
5856322 1
5866413 0
5868851 1
5870236 0
5876331 1
5886417 0
5888949 1
5890193 0
5896312 1
5906399 0
5908821 1
5910230 0
5916322 1
5926388 0
5928885 1
5930184 0
5936317 1
5946404 0
5948889 1
5950189 0
5956274 1
5966384 0
5968916 1
5970183 0
5976285 1
5986389 0
5988910 1
5990181 0
5996276 1
6006363 0
6008847 1
6010169 0
6016288 1
6026375 0
6028883 1
6030151 0
6036269 1
6046369 0
6048887 1
6050147 0
6056269 1
6066356 0
6068864 1
6070155 0
6076274 1
6086359 0
6088844 1
6090158 0
6096253 1
6106363 0
6108848 1
6110134 0
6116265 1
6126336 0
6128867 1
6130135 0
6136237 1
6146339 0
6148832 1
6150123 0
6156265 1
6166343 0
6168813 1
6214244 0
6216221 1
6226334 0
6228819 1
6230095 0
6236238 1
6246300 0
6248762 1
6250132 0
6256194 1
6266280 0
6268765 1
6270103 0
6276204 1
6286299 0
6288748 1
6290086 0
6296180 1
6306291 0
6308705 1
6310090 0
6316184 1
6326286 0
6328732 1
6330070 0
6336184 1
6346285 0
6348763 1
6350090 0
6356176 1
6366287 0
6368780 1
6370047 0
6376165 1
6386274 0
6388712 1
6390073 0
6396167 1
6406248 0
6408663 1
6410060 0
6416155 1
6426256 0
6428750 1
6430041 0
6436150 1
6446215 0
6448755 1
6450023 0
6456137 1
6466248 0
6468698 1
6470053 0
6476128 1
6486214 0
6488675 1
6490013 0
6496133 1
6506219 0
6508680 1
6510041 0
6516113 1
6526223 0
6528715 1
6530031 0
6536143 1
6546202 0
6548672 1
6550010 0
6556120 1
6566205 0
6568667 1
6570014 0
6576123 1
6586211 0
6588695 1
6589995 0
6596125 1
6606204 0
6608606 1
6610014 0
6616087 1
6626204 0
6628736 1
6629980 0
6636099 1
6646185 0
6648623 1
6649984 0
6656103 1
6666201 0
6668679 1
6669982 0
6676091 1
6686178 0
6688663 1
6689963 0
6696074 1
6706185 0
6708646 1
6709969 0
6716078 1
6726187 0
6728594 1
6729960 0
6736079 1
6746173 0
6748658 1
6749949 0
6756091 1
6766178 0
6768615 1
6769953 0
6776073 1
6786159 0
6788639 1
6789930 0
6796075 1
6806138 0
6808599 1
6809946 0
6816056 1
6826144 0
6828652 1
6829919 0
6836066 1
6846130 0
6848544 1
6849941 0
6856044 1
6866134 0
6868595 1
6869933 0
6876028 1
6886113 0
6888504 1
6889936 0
6896031 1
6906127 0
6908565 1
6909903 0
6916043 1
6926130 0
6928532 1
6929903 0
6936020 1
6946106 0
6948543 1
6949914 0
6956023 1
6966134 0
6968619 1
6969886 0
6976028 1
6986134 0
6988619 1
6989890 0
6996032 1
7006119 0
7008588 1
7009879 0
7016020 1
7026106 0
7028591 1
7029882 0
7036001 1
7046123 0
7048568 1
7049848 0
7056004 1
7066114 0
7068552 1
7069875 0
7076008 1
7086118 0
7088556 1
7089847 0
7096021 1
7106107 0
7108546 1
7109869 0
7115999 1
7126094 0
7128578 1
7129846 0
7136010 1
7146097 0
7148535 1
7149849 0
7155993 1
7166094 0
7168517 1
7169851 0
7175978 1
7186091 0
7188505 1
7189819 0
7195984 1
7206095 0
7208564 1
7209832 0
7215974 1
7226108 0
7228569 1
7229790 0
7235991 1
7246070 0
7248520 1
7249810 0
7255976 1
7266062 0
7268571 1
7269791 0
7275980 1
7286056 0
7288527 1
7289794 0
7295983 1
7306060 0
7308467 1
7309786 0
7315952 1
7326039 0
7328531 1
7329799 0
7335965 1
7346028 0
7348513 1
7349780 0
7355969 1
7366052 0
7368466 1
7369785 0
7375952 1
7386040 0
7388549 1
7389769 0
7395934 1
7406011 0
7408458 1
7409773 0
7415922 1
7426002 0
7428462 1
7429761 0
7435930 1
7446017 0
7448487 1
7449762 0
7455919 1
7466013 0
7468428 1
7469742 0
7475908 1
7485994 0
7488455 1
7489768 0
7495919 1
7505993 0
7508430 1
7509745 0
7515910 1
7526021 0
7528505 1
7529702 0
7535915 1
7546003 0
7548511 1
7549731 0
7555917 1
7565988 0
7568437 1
7569714 0
7575917 1
7585980 0
7588465 1
7589741 0
7595899 1
7605986 0
7608447 1
7609699 0
7615889 1
7625989 0
7628466 1
7629714 0
7635880 1
7645991 0
7648413 1
7649704 0
7655892 1
7665978 0
7668416 1
7669707 0
7675850 1
7685982 0
7688436 1
7689707 0
7695864 1
7705950 0
7708388 1
7709711 0
7715852 1
7725963 0
7728424 1
7729691 0
7735857 1
7745968 0
7748528 1
7749685 0
7755839 1
7765934 0
7768395 1
7769686 0
7775828 1
7785962 0
7788447 1
7789667 0
7795833 1
7805944 0
7808405 1
7809684 0
7815826 1
7825939 0
7828457 1
7829644 0
7835833 1
7845895 0
7848411 1
7849608 0
7855844 1
7865906 0
7868414 1
7869635 0
7875849 1
7885896 0
7888369 1
7889660 0
7895825 1
7905912 0
7908326 1
7909665 0
7915806 1
7925917 0
7928354 1
7929669 0
7935811 1
7945916 0
7948378 1
7949626 0
7955816 1
7965903 0
7968349 1
7969640 0
7975805 1
7985844 0
7988376 1
7989620 0
7995809 1
8005860 0
8008314 1
8009609 0
8015799 1
8025869 0
8028354 1
8029621 0
8035786 1
8045745 0
8048404 1
8049624 0
8055790 1
8065892 0
8068384 1
8069604 0
8075782 1
8085894 0
8088355 1
8089599 0
8095772 1
8105859 0
8108320 1
8109611 0
8115754 1
8125863 0
8128371 1
8129634 0
8135768 1
8145859 0
8148368 1
8149588 0
8155754 1
8165866 0
8168327 1
8169602 0
8175768 1
8185847 0
8188340 1
8189584 0
8195785 1
8205825 0
8208369 1
8209589 0
8215754 1
8225817 0
8228255 1
8229601 0
8235743 1
8245830 0
8248291 1
8249582 0
8255724 1
8312322 0
8315717 1
8325832 0
8328293 1
8329560 0
8335701 1
8345813 0
8348298 1
8349518 0
8355707 1
8365746 0
8368278 1
8369545 0
8375719 1
8385715 0
8388279 1
8389476 0
8395714 1
8405698 0
8408192 1
8409483 0
8415696 1
8425657 0
8428000 1
8429485 0
8435690 1
8445592 0
8447761 1
8449485 0
8455652 1
8465620 0
8467695 1
8471557 0
8482762 1
8483257 0
8487721 1
8491473 0
8502945 1
8503516 0
8507751 1
8511392 0
8522867 1
8523362 0
8527803 1
8531389 0
8543297 1
8543792 0
8544606 1
8545101 0
8546499 1
8547836 0
8548398 1
8550914 0
8555684 1
8565761 0
8568208 1
8568891 0
8569366 1
8570673 0
8577153 1
8585718 0
8588203 1
8589518 0
8595654 1
8605733 0
8608206 1
8609520 0
8615640 1
8625716 0
8628139 1
8629524 0
8648748 1
8649441 0
8655653 1
8665716 0
8668248 1
8669529 0
8675634 1
8685693 0
8688186 1
8689501 0
8695633 1
8705697 0
8708158 1
8709528 0
8723112 1
8723607 0
8726021 1
8727287 0
8727857 1
8731439 0
8741787 1
8742282 0
8744199 1
8744703 0
8747762 1
8751372 0
8761766 1
8762261 0
8765684 1
8766179 0
8767785 1
8769502 0
8777633 1
8793206 0
8797866 1
8813263 0
8817766 1
8833091 0
8837728 1
8853112 0
8857890 1
8873027 0
8877852 1
8893029 0
8897894 1
8912873 0
8917919 1
8932941 0
8937987 1
8952962 0
8957999 1
8972877 0
8973572 1
8974059 0
8978011 1
8992866 0
8997958 1
9012861 0
9018084 1
9032812 0
9038070 1
9052799 0
9058074 1
9072801 0
9078178 1
9092788 0
9098118 1
9112774 0
9118089 1
9132757 0
9138054 1
9152788 0
9157614 1
9158109 0
9158584 1
9172721 0
9178130 1
9192742 0
9197977 1
9212729 0
9218162 1
9232784 0
9238224 1
9252525 0
9258145 1
9272639 0
9278175 1
9292706 0
9298186 1
9312674 0
9318220 1
9332704 0
9338187 1
9352725 0
9358274 1
9372696 0
9378212 1
9392623 0
9398229 1
9412644 0
9418101 1
9432630 0
9438261 1
9452675 0
9458272 1
9472640 0
9478214 1
9492649 0
9498177 1
9512619 0
9518201 1
9532615 0
9538031 1
9552516 0
9558207 1
9558876 0
9559360 1
9572583 0
9578157 1
9592695 0
9598236 1
9599150 0
9599644 1
9612647 0
9618182 1
9632746 0
9638178 1
9652615 0
9658015 1
9672603 0
9678036 1
9692638 0
9698047 1
9712609 0
9718096 1
9732617 0
9738073 1
9752557 0
9758061 1
9772591 0
9778102 1
9792597 0
9797620 1
9798115 0
9798590 1
9812651 0
9818202 1
9832621 0
9838100 1
9852585 0
9858088 1
9872594 0
9877956 1
9892567 0
9898126 1
9912516 0
9918090 1
9932528 0
9938264 1
9952536 0
9958201 1
9972568 0
9978213 1
9992509 0
9998210 1
10012576 0
10018151 1
10032479 0
10037903 1
10052467 0
10058285 1
10072463 0
10078255 1
10092520 0
10098198 1
10112472 0
10118212 1
10132509 0
10138211 1
10152499 0
10158154 1
10172473 0
10178161 1
10192497 0
10198013 1
10212523 0
10218003 1
10232418 0
10238261 1
10252534 0
10258259 1
10271899 0
10272383 1
10272879 0
10277685 1
10292378 0
10297814 1
10306261 0
10306745 1
10312411 0
10318128 1
10326694 0
10327178 1
10332378 0
10338395 1
10352398 0
10358257 1
10372335 0
10378351 1
10392309 0
10398317 1
10412323 0
10418316 1
10432295 0
10438375 1
10452262 0
10458421 1
10472293 0
10478358 1
10479503 0
10479995 1
10492329 0
10498360 1
10512177 0
10518265 1
10532190 0
10538372 1
10552282 0
10558314 1
10572234 0
10572801 1
10573293 0
10578407 1
10592278 0
10598238 1
10612291 0
10618261 1
10632265 0
10638202 1
10652277 0
10658284 1
11064955 0
11066562 1
11067081 0
11067660 1
11068180 0
11068750 1
11069765 0
11070352 1
11071354 0
11071962 1
11072482 0
11074166 1
11075159 0
11075757 1
11076758 0
11077265 1
11094112 0
11097322 1
11097818 0
11709701 1
11710197 0
11789759 1
11790255 0
11908597 1
11910119 0
11928228 1
11929449 0
11929933 1
11930445 0
11948077 1
11950748 0
11967876 1
11970350 0
11970857 1
11972118 0
11987702 1
11990976 0
12000088 1
12000584 0
12007537 1
12010948 0
12027692 1
12031112 0
12040193 1
12040688 0
12047374 1
12051013 0
12059629 1
12060129 0
12067478 1
12071216 0
12079335 1
12079839 0
12081546 1
12082045 0
12087343 1
12091032 0
12099228 1
12099795 0
12100504 1
12101000 0
12102349 1
12102845 0
12107451 1
12110942 0
12119438 1
12120037 0
12123012 1
12123508 0
12127336 1
12131102 0
12139572 1
12140068 0
12140614 1
12141102 0
12147456 1
12150891 0
12159419 1
12160009 0
12161731 1
12162227 0
12219126 1
12219785 0
12227381 1
12230825 0
12239660 1
12240258 0
12247482 1
12251114 0
12259690 1
12260242 0
12267488 1
12270983 0
12279818 1
12280374 0
12283183 1
12283679 0
12287536 1
12290947 0
12328509 1
12329778 0
12348289 1
12350282 0
12368138 1
12370535 0
12387954 1
12390653 0
12407301 1
12407797 0
12408273 1
12410738 0
12421743 1
12422239 0
12427806 1
12430760 0
12447721 1
12450787 0
12467611 1
12470880 0
12487668 1
12490923 0
12499735 1
12500239 0
12501371 1
12501872 0
12507637 1
12510859 0
12520296 1
12520875 0
12527619 1
12530992 0
12539711 1
12540215 0
12540982 1
12541478 0
12547514 1
12550972 0
12560085 1
12560581 0
12566527 1
12567102 0
12567590 1
12570978 0
12580034 1
12580530 0
12581053 1
12581541 0
12587508 1
12590967 0
12600009 1
12601327 0
12607528 1
12610838 0
12619651 1
12620170 0
12620750 1
12621246 0
12627591 1
12630720 0
12639658 1
12640154 0
12641938 1
12643194 0
12647544 1
12650515 0
12651023 1
12651519 0
12659819 1
12660315 0
12660838 1
12661326 0
12667507 1
12670927 0
12679757 1
12680341 0
12687527 1
12691050 0
12699791 1
12700302 0
12701584 1
12702086 0
12708016 1
12708512 0
12708987 1
12709475 0
12728413 1
12730221 0
12747875 1
12750664 0
12759068 1
12759564 0
12767630 1
12770664 0
12779676 1
12780171 0
12787513 1
12791051 0
12799373 1
12800109 0
12800653 1
12801149 0
12807321 1
12811057 0
12819459 1
12820293 0
12820998 1
12821494 0
12822433 1
12823722 0
12827328 1
12831187 0
12839256 1
12839917 0
12840393 1
12840880 0
12841356 1
12841850 0
12847158 1
12851225 0
12859318 1
12860652 0
12861240 1
12861751 0
12862317 1
12862805 0
12867143 1
12871281 0
12879141 1
12880796 0
12881303 1
12881797 0
12882297 1
12883571 0
12886998 1
12890859 0
12899200 1
12900774 0
12901296 1
12901822 0
12902297 1
12902809 0
12903308 1
12903796 0
12907121 1
12911291 0
12919036 1
12920784 0
12921270 1
12921764 0
12922264 1
12922775 0
12923409 1
12923905 0
12927108 1
12931279 0
12939223 1
12941285 0
12941834 1
12942779 0
12943413 1
12943909 0
12947135 1
12951306 0
12959156 1
12959794 0
12960270 1
12961272 0
12962520 1
12963079 0
12966517 1
12967017 0
12967493 1
12971247 0
12979144 1
12981210 0
12981700 1
12982244 0
12982728 1
12984039 0
12987021 1
12991290 0
12999164 1
12999881 0
13000365 1
13001264 0
13001778 1
13002313 0
13002789 1
13003277 0
13007110 1
13011351 0
13019183 1
13020841 0
13021325 1
13021842 0
13022318 1
13022900 0
13023376 1
13023864 0
13026586 1
13027082 0
13028318 1
13031200 0
13039077 1
13041481 0
13041995 1
13042963 0
13043494 1
13043982 0
13045404 1
13045900 0
13046880 1
13051310 0
13059108 1
13060266 0
13060762 1
13061692 0
13062176 1
13062814 0
13063353 1
13063841 0
13064387 1
13064875 0
13067117 1
13071160 0
13079135 1
13081069 0
13081565 1
13082130 0
13082615 1
13083110 0
13084769 1
13085264 0
13086922 1
13091259 0
13099156 1
13100900 0
13101467 1
13102359 0
13102850 1
13103362 0
13107045 1
13111310 0
13128577 1
13129073 0
13129558 1
13130053 0
13148229 1
13150372 0
13167881 1
13170547 0
13181326 1
13181826 0
13187708 1
13188298 0
13188782 1
13190847 0
13207445 1
13210983 0
13219583 1
13220872 0
13222028 1
13222532 0
13227430 1
13231157 0
13239440 1
13240520 0
13241027 1
13241515 0
13247259 1
13251103 0
13259296 1
13260017 0
13260584 1
13261071 0
13261759 1
13262396 0
13267167 1
13271220 0
13279279 1
13280698 0
13281183 1
13281721 0
13287122 1
13291125 0
13299279 1
13300555 0
13301086 1
13301574 0
13302055 1
13302543 0
13307291 1
13311120 0
13319214 1
13320647 0
13321973 1
13322564 0
13327115 1
13331210 0
13339306 1
13340597 0
13341105 1
13341593 0
13342107 1
13342673 0
13347279 1
13351198 0
13359281 1
13359923 0
13360398 1
13360895 0
13361411 1
13361928 0
13362475 1
13362963 0
13363778 1
13364273 0
13367264 1
13371060 0
13379336 1
13380302 0
13380833 1
13381321 0
13382260 1
13382756 0
13383736 1
13384241 0
13387324 1
13391250 0
13399324 1
13400557 0
13401076 1
13401588 0
13402094 1
13402582 0
13403175 1
13403680 0
13407277 1
13411180 0
13419171 1
13420707 0
13422438 1
13423008 0
13427382 1
13427878 0
13428354 1
13431065 0
13440176 1
13440672 0
13441489 1
13441988 0
13447672 1
13448319 0
13508877 1
13510874 0
13528714 1
13529210 0
13529837 1
13530332 0
13548343 1
13549139 0
13549623 1
13550308 0
13567874 1
13568453 0
13568941 1
13569583 0
13570075 1
13570563 0
13582757 1
13583252 0
13588268 1
13588882 0
13589358 1
13590862 0
13600064 1
13600639 0
13607439 1
13608203 0
13608686 1
13609395 0
13609879 1
13610390 0
13619608 1
13620419 0
13620926 1
13621414 0
14199291 1
14200693 0
14201189 1
14204264 0
14204772 1
14213274 0
14214097 1
14214592 0
14216062 1
14353082 0
14354677 1
14356296 0
14356887 1
14357399 0
14357977 1
14358489 0
14359082 1
14359594 0
14360173 1
14362072 0
14362566 1
14363055 0
14363535 1
14770060 0
14771648 1
14772180 0
14772758 1
14773269 0
14773863 1
14774359 0
14774962 1
14775458 0
14776052 1
14776563 0
14778274 1
14778853 0
14779365 1
14779876 0
14780376 1
