231403 0
232979 1
233499 0
234088 1
234587 0
235191 1
235694 0
236284 1
236797 0
237378 1
237901 0
238482 1
238990 0
239579 1
240101 0
857245 1
1052791 0
1054401 1
1054896 0
1055498 1
1055993 0
1056592 1
1057103 0
1057681 1
1058200 0
1058793 1
1059304 0
1059906 1
1061504 0
1062087 1
1062590 0
1063089 1
1464135 0
1465730 1
1466248 0
1466833 1
1467328 0
1467922 1
1468433 0
1469035 1
1470663 0
1471237 1
1471728 0
1472345 1
1472832 0
1473434 1
1473930 0
1474452 1
1874266 0
1875861 1
1876380 0
1876955 1
1877475 0
1879182 1
1879761 0
1880272 1
1880759 0
1881356 1
1881880 0
1882457 1
1882968 0
1883561 1
1884081 0
1884588 1
2284305 0
2285899 1
2287518 0
2288107 1
2288598 0
2289191 1
2289705 0
2290307 1
2290802 0
2291395 1
2291905 0
2292507 1
2293002 0
2293618 1
2294105 0
2295348 1
2695634 0
2697238 1
2697742 0
2698343 1
2698834 0
2699427 1
2699937 0
2700539 1
2701034 0
2701627 1
2702137 0
2702739 1
2704334 0
2704927 1
2705446 0
2705944 1
3105734 0
3107335 1
3107853 0
3108431 1
3108950 0
3109543 1
3110053 0
3110655 1
3112259 0
3112857 1
3113348 0
3113941 1
3114451 0
3115053 1
3115548 0
3116048 1
3516931 0
3518525 1
3519044 0
3519636 1
3520156 0
3521839 1
3522421 0
3522932 1
3523442 0
3524035 1
3524558 0
3525135 1
3525646 0
3526221 1
3526738 0
3527246 1
3926974 0
3928592 1
3930210 0
3930803 1
3931295 0
3931891 1
3932402 0
3932984 1
3933502 0
3934095 1
3934606 0
3935184 1
3935683 0
3936299 1
3936791 0
3938037 1
4337000 0
4338606 1
4339101 0
4339717 1
4340221 0
4340798 1
4341309 0
4341901 1
4342412 0
4343014 1
4343509 0
4344101 1
4345718 0
4346316 1
4346812 0
4347324 1
4748282 0
4749876 1
4750394 0
4750987 1
4751498 0
4752076 1
4752594 0
4753187 1
4754797 0
4755387 1
4755901 0
4756490 1
4756985 0
4757578 1
4758088 0
4758587 1
5158370 0
5159965 1
5160483 0
5161076 1
5161587 0
5163288 1
5163862 0
5164381 1
5164876 0
5165469 1
5165980 0
5166587 1
5167082 0
5167675 1
5168186 0
5168684 1
5569581 0
5571199 1
5572805 0
5573406 1
5573897 0
5574503 1
5575002 0
5575594 1
5576107 0
5576687 1
5577206 0
5577799 1
5578309 0
5578887 1
5579406 0
5580642 1
5979768 0
5981374 1
5981869 0
5982470 1
5982965 0
5983558 1
5984069 0
5984661 1
5985181 0
5985758 1
5986269 0
5986868 1
5988485 0
5989087 1
5989590 0
5990088 1
6389852 0
6391470 1
6391965 0
6392558 1
6393068 0
6393670 1
6394165 0
6394781 1
6396378 0
6396983 1
6397478 0
6398060 1
6398579 0
6399172 1
6399682 0
6400181 1
6801044 0
6802662 1
6803166 0
6803767 1
6804277 0
6805978 1
6806558 0
6807068 1
6807568 0
6808169 1
6808656 0
6809272 1
6809759 0
6810365 1
6810860 0
6811382 1
7211195 0
7212813 1
7214418 0
7215015 1
7215520 0
7216122 1
7216615 0
7217208 1
7217719 0
7218320 1
7218815 0
7219408 1
7219919 0
7220520 1
7221015 0
7222258 1
7622471 0
7624081 1
7624576 0
7625168 1
7625688 0
7626288 1
7626782 0
7627375 1
7627885 0
7628487 1
7628982 0
7629575 1
7631185 0
7631779 1
7632306 0
7632812 1
8032647 0
8034246 1
8034764 0
8035357 1
8035853 0
8036454 1
8036947 0
8037540 1
8039160 0
8039758 1
8040258 0
8040858 1
8041369 0
8041962 1
8042449 0
8042956 1
8442807 0
8444428 1
8444923 0
8445516 1
8446037 0
8447726 1
8448308 0
8448818 1
8449329 0
8449922 1
8450445 0
8451046 1
8451533 0
8452126 1
8452636 0
8453144 1
8854066 0
8855683 1
8857284 0
8857873 1
8858388 0
8858981 1
8859468 0
8861389 1
8861889 0
8862384 1
8862879 0
8863382 1
8863869 0
8864391 1
9264231 0
9265849 1
9266428 0
9266948 1
9267445 0
9268045 1
9268532 0
9269133 1
9269644 0
9270245 1
9270741 0
9271333 1
9271844 0
9272446 1
9274047 0
9274625 1
9675446 0
9677048 1
9677567 0
9678159 1
9678647 0
9679248 1
9679767 0
9680360 1
9680847 0
9681439 1
9683049 0
9683656 1
9684155 0
9684748 1
9685258 0
9685757 1
10085530 0
10087156 1
10087661 0
10088239 1
10088754 0
10089348 1
10089859 0
10091571 1
10092151 0
10092666 1
10093154 0
10093747 1
10094259 0
10094861 1
10095357 0
10095857 1
10495662 0
10497264 1
10498867 0
10499469 1
10499961 0
10500567 1
10501067 0
10501661 1
10502173 0
10502775 1
10503271 0
10503865 1
10504376 0
10504979 1
10906902 0
10908494 1
10909017 0
10909596 1
10910116 0
10910710 1
10911221 0
10911824 1
10912320 0
10912913 1
10913401 0
10914018 1
11317086 0
11318686 1
11319186 0
11319779 1
11320291 0
11320870 1
11321390 0
11321983 1
11322475 0
11323078 1
11323574 0
11325296 1
11325879 0
11326394 1
11326886 0
11327385 1
11728466 0
11730085 1
11730581 0
11731174 1
11731686 0
11732288 1
11733887 0
11734482 1
11734974 0
11735568 1
11736080 0
11736689 1
11737185 0
11737778 1
11738290 0
11738789 1
12138565 0
12140160 1
12141764 0
12142362 1
12142878 0
12143471 1
12143963 0
12144566 1
12145062 0
12145655 1
12146167 0
12146776 1
12147272 0
12147866 1
12548672 0
12550268 1
12550768 0
12551385 1
12551873 0
12552466 1
12552987 0
12553565 1
12554076 0
12554670 1
12555190 0
12556880 1
12557451 0
12557962 1
12558474 0
12558973 1
12959856 0
12961450 1
12961970 0
12962549 1
12963068 0
12963662 1
12964150 0
12965874 1
12966458 0
12966960 1
12967448 0
12968065 1
12968553 0
12969156 1
12969651 0
12970174 1
13369961 0
13371555 1
13372075 0
13373779 1
13374358 0
13374878 1
13375374 0
13375968 1
13376486 0
13377056 1
13377576 0
13378154 1
13378666 0
13379259 1
13781319 0
13782907 1
13783430 0
13784009 1
13784529 0
13785123 1
13785634 0
13786214 1
13786716 0
13787310 1
13787821 0
13788415 1
13790036 0
13790644 1
13791144 0
13791643 1
14191364 0
14192959 1
14193458 0
14194076 1
14194564 0
14195166 1
14195662 0
14196256 1
14197862 0
14198464 1
14198956 0
14199559 1
14200059 0
14200652 1
14201164 0
14201663 1
14609508 0
14611126 1
14611622 0
14613333 1
14613908 0
14614420 1
14614931 0
14615525 1
14616038 0
14616624 1
14617120 0
14617713 1
14618225 0
14618828 1
14619323 0
14620566 1
