1105 1
3099 0
3629 1
4637 0
5201 1
5699 0
8817 1
12902 0
20766 1
25847 0
28276 1
33242 0
40390 1
41203 0
41698 1
46483 0
46985 1
693425 0
699656 1
706775 0
707270 1
713430 0
719688 1
733446 0
739553 1
753455 0
759594 1
773415 0
779626 1
788215 0
789833 1
790327 0
792067 1
792829 0
804800 1
805295 0
808957 1
812451 0
820617 1
822199 0
822729 1
823215 0
823691 1
824205 0
824782 1
825277 0
828093 1
832701 0
840399 1
845318 0
847858 1
853081 0
860207 1
864162 0
864644 1
865620 0
866173 1
866659 0
867497 1
872870 0
879918 1
886528 0
887022 1
887848 0
888330 1
893262 0
899930 1
906658 0
907140 1
913113 0
919852 1
927013 0
927495 1
933416 0
939502 1
953335 0
959680 1
973461 0
979601 1
993305 0
999540 1
1013315 0
1019551 1
1033234 0
1039493 1
1053253 0
1059490 1
1073335 0
1079451 1
1093243 0
1099514 1
1107425 0
1107908 1
1113368 0
1119415 1
1133297 0
1139452 1
1153212 0
1159391 1
1167721 0
1168205 1
1173256 0
1179429 1
1179976 0
1180460 1
1186440 0
1186923 1
1193344 0
1200037 1
1200532 0
1201040 1
1201535 0
1202156 1
1203414 0
1203981 1
1204479 0
1209160 1
1210088 0
1210604 1
1211989 0
1221024 1
1221519 0
1222649 1
1223144 0
1228484 1
1232478 0
1240376 1
1242645 0
1243140 1
1244464 0
1244971 1
1245466 0
1247896 1
1252662 0
1260010 1
1265195 0
1265726 1
1266213 0
1266863 1
1272902 0
1279833 1
1286472 0
1286955 1
1292967 0
1299688 1
1306930 0
1307413 1
1313063 0
1319544 1
1320039 0
1320515 1
1333123 0
1339463 1
1353155 0
1359404 1
1372768 0
1379297 1
1393213 0
1399378 1
1413257 0
1419224 1
1433197 0
1439267 1
1453206 0
1459301 1
1473278 0
1479241 1
1492996 0
1499233 1
1513298 0
1519194 1
1533215 0
1539242 1
1553063 0
1559181 1
1573177 0
1579238 1
1593109 0
1599188 1
1606655 0
1607143 1
1609411 0
1611029 1
1611524 0
1612174 1
1612669 0
1621018 1
1621513 0
1628595 1
1632029 0
1640370 1
1641311 0
1641810 1
1642368 0
1642844 1
1643331 0
1643807 1
1644300 0
1648110 1
1652325 0
1659932 1
1663881 0
1664371 1
1665626 0
1666192 1
1666684 0
1667549 1
1672635 0
1679794 1
1685869 0
1686400 1
1686887 0
1687390 1
1692733 0
1699498 1
1703960 0
1705236 1
1706622 0
1707122 1
1712630 0
1719475 1
1726275 0
1726758 1
1732920 0
1739368 1
1752955 0
1759287 1
1772594 0
1779159 1
1786109 0
1786684 1
1792992 0
1799158 1
1813060 0
1819005 1
1833001 0
1839039 1
1852922 0
1858819 1
1872886 0
1879075 1
1892928 0
1898920 1
1906285 0
1906768 1
1912954 0
1918970 1
1925793 0
1926276 1
1932951 0
1938898 1
1952650 0
1959029 1
1972953 0
1979086 1
1992917 0
1999141 1
2007345 0
2007828 1
2012903 0
2018779 1
2019345 0
2021011 1
2021506 0
2022170 1
2022657 0
2023258 1
2024525 0
2028684 1
2029569 0
2030170 1
2031170 0
2031795 1
2032281 0
2048079 1
2052123 0
2060031 1
2061487 0
2062860 1
2063458 0
2067832 1
2072323 0
2079872 1
2084458 0
2087377 1
2092458 0
2099783 1
2102434 0
2102917 1
2104862 0
2105439 1
2105926 0
2107245 1
2112587 0
2119486 1
2126053 0
2126536 1
2127164 0
2127648 1
2132651 0
2139400 1
2143244 0
2143732 1
2146257 0
2146740 1
2152748 0
2159340 1
2166673 0
2167156 1
2172742 0
2179166 1
2186645 0
2187128 1
2192833 0
2199235 1
2199753 0
2200229 1
2212893 0
2219175 1
2225464 0
2225959 1
2232790 0
2239107 1
2252953 0
2259143 1
2265099 0
2265582 1
2272779 0
2278962 1
2292787 0
2299071 1
2312648 0
2319067 1
2332736 0
2339068 1
2352796 0
2358985 1
2372737 0
2378951 1
2387133 0
2387617 1
2392785 0
2398729 1
2412724 0
2418982 1
2430413 0
2432090 1
2432585 0
2448325 1
2451580 0
2460181 1
2460676 0
2461175 1
2461666 0
2462772 1
2463314 0
2467949 1
2471966 0
2479818 1
2483795 0
2487106 1
2487624 0
2488099 1
2492212 0
2499654 1
2504475 0
2504958 1
2505445 0
2506716 1
2512400 0
2519152 1
2521629 0
2522112 1
2524270 0
2524753 1
2525240 0
2525724 1
2526219 0
2526812 1
2532437 0
2539257 1
2546034 0
2547285 1
2552533 0
2559144 1
2572586 0
2578942 1
2585647 0
2586134 1
2592612 0
2599013 1
2605190 0
2605673 1
2612654 0
2618939 1
2632593 0
2633172 1
2633663 0
2638909 1
2639522 0
2639997 1
2652708 0
2658748 1
2665991 0
2666474 1
2672627 0
2678840 1
2692695 0
2698850 1
2712679 0
2718790 1
2724818 0
2725301 1
2725906 0
2726381 1
2732637 0
2738660 1
2752704 0
2758767 1
2772620 0
2778739 1
2832800 0
2838680 1
2840479 0
2842124 1
2842619 0
2843245 1
2843740 0
2845109 1
2845604 0
2847741 1
2848245 0
2848728 1
2850693 0
2860134 1
2860633 0
2861739 1
2862234 0
2863704 1
2864205 0
2867793 1
2871669 0
2879766 1
2881900 0
2882430 1
2883374 0
2885884 1
2886454 0
2887375 1
2891957 0
2899319 1
2902762 0
2903245 1
2904152 0
2904682 1
2905296 0
2906189 1
2906684 0
2907182 1
2912208 0
2919217 1
2925682 0
2926165 1
2932279 0
2939119 1
2946770 0
2947254 1
2952328 0
2958928 1
2966231 0
2966723 1
2972153 0
2978815 1
2992409 0
2998717 1
3012454 0
3018681 1
3032465 0
3038552 1
3052451 0
3058523 1
3072472 0
3078605 1
3085673 0
3086927 1
3092400 0
3098483 1
3105142 0
3105625 1
3112455 0
3118380 1
3132456 0
3138353 1
3152325 0
3158388 1
3159104 0
3159587 1
3172416 0
3178315 1
3192433 0
3198402 1
3212468 0
3218225 1
3232409 0
3238386 1
3250427 0
3259966 1
3260461 0
3267895 1
3271319 0
3279746 1
3280777 0
3281272 1
3281759 0
3282356 1
3283309 0
3287298 1
3291749 0
3299357 1
3304212 0
3306941 1
3311896 0
3319080 1
3323262 0
3323836 1
3325183 0
3325718 1
3326205 0
3326680 1
3332045 0
3338975 1
3339470 0
3339945 1
3345681 0
3346164 1
3352177 0
3358707 1
3359253 0
3359728 1
3372220 0
3378630 1
3392263 0
3398551 1
3406368 0
3406851 1
3412265 0
3418595 1
3424575 0
3425818 1
3432272 0
3438580 1
3446151 0
3446638 1
3452145 0
3458358 1
3472179 0
3478471 1
3492245 0
3498528 1
3499047 0
3499522 1
3505303 0
3505878 1
3511846 0
3518445 1
3532172 0
3538489 1
3552240 0
3558406 1
3572229 0
3578172 1
3592224 0
3598381 1
3611779 0
3618426 1
3632189 0
3638320 1
3646686 0
3647169 1
3652197 0
3657952 1
3661607 0
3663276 1
3663771 0
3664394 1
3664881 0
3667319 1
3668575 0
3669736 1
3670238 0
3670911 1
3671410 0
3680074 1
3680569 0
3687616 1
3691106 0
3699368 1
3701243 0
3701726 1
3703078 0
3703668 1
3704175 0
3707215 1
3711572 0
3719165 1
3723064 0
3723548 1
3724182 0
3726178 1
3726673 0
3727148 1
3731671 0
3738845 1
3741626 0
3742121 1
3744886 0
3745392 1
3745974 0
3746449 1
3751838 0
3758508 1
3765071 0
3765558 1
3766163 0
3766638 1
3771926 0
3778518 1
3791959 0
3798340 1
3812007 0
3818267 1
3832017 0
3838442 1
3851979 0
3858287 1
3872093 0
3878283 1
3886484 0
3887738 1
3892146 0
3898126 1
3912099 0
3918240 1
3932108 0
3938108 1
3952046 0
3957944 1
3965281 0
3965764 1
3972090 0
3978231 1
3992136 0
3998224 1
4012105 0
4018142 1
4018764 0
4020636 1
4032102 0
4038111 1
4038657 0
4039132 1
4052125 0
4058092 1
4071600 0
4079784 1
4080283 0
4087647 1
4090944 0
4099333 1
4100601 0
4101249 1
4101736 0
4102700 1
4103195 0
4107129 1
4111288 0
4119068 1
4122137 0
4122632 1
4123846 0
4124381 1
4124868 0
4126407 1
4127000 0
4127475 1
4131509 0
4138785 1
4143798 0
4144286 1
4145541 0
4146249 1
4151647 0
4158593 1
4165250 0
4165733 1
4171793 0
4178462 1
4186232 0
4186715 1
4191892 0
4198002 1
4198860 0
4200130 1
4211984 0
4217897 1
4225634 0
4226116 1
4231868 0
4238153 1
4251914 0
4258070 1
4271949 0
4278091 1
4292041 0
4297695 1
4311862 0
4317976 1
4331999 0
4337996 1
4352015 0
4357936 1
4372059 0
4378005 1
4392001 0
4397828 1
4398536 0
4399011 1
4412061 0
4417936 1
4431982 0
4437879 1
4452019 0
4458020 1
4471990 0
4477888 1
4482725 0
4484469 1
4484964 0
4485778 1
4486273 0
4487509 1
4488071 0
4488562 1
4489133 0
4489762 1
4490249 0
4490921 1
4491416 0
4498922 1
4499567 0
4500098 1
4500585 0
4502628 1
4503897 0
4507054 1
4511123 0
4511606 1
4512093 0
4518848 1
4521670 0
4522153 1
4522852 0
4523327 1
4523818 0
4526546 1
4531509 0
4538635 1
4542985 0
4543480 1
4544062 0
4544881 1
4545376 0
4546190 1
4551517 0
4558374 1
4565183 0
4565670 1
4571729 0
4578210 1
4591812 0
4598088 1
4611889 0
4617937 1
4631734 0
4637994 1
4651896 0
4657982 1
4671884 0
4677834 1
4691981 0
4697902 1
4711938 0
4717852 1
4725287 0
4725774 1
4731856 0
4737422 1
4737917 0
4738393 1
4751819 0
4757796 1
4771888 0
4777902 1
4791946 0
4797776 1
4811881 0
4817696 1
4831810 0
4837731 1
4851854 0
4857729 1
4871844 0
4877718 1
4891854 0
4898768 1
4899263 0
4899743 1
4901239 0
4901974 1
4902474 0
4907307 1
4910718 0
4918965 1
4920153 0
4920645 1
4921140 0
4921733 1
4922361 0
4926762 1
4931072 0
4998035 1
5005230 0
5005725 1
5011524 0
5017666 1
5031613 0
5037827 1
5051650 0
5057934 1
5065198 0
5065681 1
5071599 0
5077768 1
5085438 0
5085933 1
5091614 0
5097827 1
5104832 0
5105319 1
5111659 0
5117746 1
5124497 0
5124993 1
5131540 0
5137776 1
5151675 0
5157834 1
5171715 0
5177683 1
5191656 0
5197774 1
5203725 0
5204214 1
5211676 0
5217701 1
5231696 0
5237782 1
5251699 0
5257750 1
5271678 0
5277701 1
5284958 0
5285441 1
5291627 0
5297667 1
5310702 0
5318963 1
5319458 0
5327089 1
5330603 0
5338979 1
5339963 0
5340458 1
5340945 0
5342098 1
5342593 0
5345953 1
5346448 0
5346923 1
5350886 0
5358643 1
5360005 0
5360488 1
5363293 0
5366388 1
5371088 0
5378332 1
5383778 0
5384290 1
5384777 0
5385544 1
5391202 0
5398069 1
5404632 0
5405139 1
5405649 0
5406911 1
5411387 0
5417931 1
5424156 0
5424639 1
5431469 0
5437879 1
5451512 0
5457796 1
5471476 0
5477692 1
5491521 0
5497748 1
5511505 0
5517762 1
5524108 0
5524591 1
5531553 0
5537640 1
5551519 0
5557660 1
5571507 0
5577474 1
5591596 0
5597539 1
5611609 0
5616853 1
5617351 0
5617831 1
5631581 0
5637526 1
5651545 0
5657080 1
5664873 0
5665356 1
5671565 0
5677321 1
5691599 0
5697520 1
5711618 0
5717353 1
5721860 0
5723525 1
5724020 0
5726164 1
5726659 0
5727284 1
5728260 0
5728884 1
5729381 0
5729981 1
5731236 0
5738568 1
5739067 0
5739802 1
5740289 0
5746761 1
5750590 0
5758537 1
5760963 0
5761446 1
5762903 0
5763390 1
5763877 0
5766291 1
5770923 0
5778187 1
5783658 0
5784167 1
5784658 0
5785670 1
5786330 0
5786805 1
5791130 0
5797894 1
5804270 0
5804753 1
5811312 0
5817832 1
5831250 0
5837646 1
5846048 0
5846535 1
5851349 0
5857609 1
5871408 0
5877117 1
5877612 0
5878088 1
5891469 0
5897490 1
5911490 0
5917120 1
5931502 0
5937470 1
5951513 0
5957317 1
5971557 0
5977233 1
5991522 0
5997397 1
6011638 0
6017481 1
6031538 0
6037400 1
6051616 0
6057294 1
6071534 0
6077337 1
6091427 0
6097370 1
6105408 0
6105891 1
6111516 0
6117342 1
6131448 0
6138855 1
6139358 0
6139960 1
6140455 0
6146077 1
6146572 0
6147047 1
6150308 0
6158626 1
6160303 0
6160833 1
6161344 0
6166321 1
6170643 0
6178285 1
6183155 0
6184244 1
6184739 0
6185916 1
6190950 0
6197935 1
6198551 0
6199027 1
6203423 0
6203907 1
6205256 0
6205834 1
6211054 0
6217747 1
6224769 0
6225252 1
6231169 0
6237649 1
6243401 0
6243893 1
6251170 0
6257581 1
6271301 0
6277448 1
6283528 0
6284011 1
6291068 0
6297469 1
6311277 0
6317057 1
6317552 0
6318027 1
6331336 0
6337351 1
6343701 0
6345012 1
6351012 0
6357237 1
6371398 0
6377247 1
6391294 0
6397262 1
6411279 0
6417351 1
6431322 0
6437408 1
6445037 0
6445520 1
6451272 0
6457382 1
6471265 0
6477373 1
6491322 0
6497291 1
6511239 0
6517163 1
6531215 0
6537371 1
6542887 0
6544954 1
6545449 0
6546732 1
6547684 0
6548301 1
6549301 0
6549949 1
6550437 0
6559076 1
6559595 0
6566675 1
6570283 0
6578370 1
6580584 0
6581067 1
6582347 0
6586158 1
6590589 0
6598031 1
6603258 0
6603789 1
6604283 0
6605530 1
6610787 0
6617749 1
6618291 0
6618766 1
6624525 0
6625103 1
6630935 0
6637549 1
6644522 0
6645005 1
6651049 0
6657451 1
6658238 0
6658721 1
6671093 0
6677399 1
6691150 0
6697402 1
6704866 0
6705361 1
6711184 0
6717349 1
6731249 0
6737218 1
6751214 0
6757018 1
6771225 0
6777202 1
6791094 0
6797260 1
6804931 0
6805501 1
6811248 0
6817146 1
6825184 0
6825667 1
6831198 0
6837245 1
6851193 0
6857092 1
6865846 0
6866329 1
6871134 0
6877054 1
6891261 0
6896996 1
6911046 0
6916968 1
6931199 0
6936958 1
6951175 0
6958372 1
6959277 0
6960052 1
6960547 0
6961187 1
6962473 0
6966716 1
6970036 0
6978424 1
6979692 0
6980316 1
6980883 0
6981366 1
6981853 0
6986151 1
6990440 0
6998117 1
7002859 0
7003433 1
7003934 0
7005555 1
7010629 0
7017542 1
7023594 0
7024083 1
7024618 0
7025140 1
7030846 0
7037515 1
7043993 0
7045250 1
7050921 0
7057338 1
7064429 0
7064912 1
7071027 0
7077216 1
7091039 0
7097209 1
7111111 0
7117127 1
7131146 0
7137186 1
7151129 0
7157067 1
7171193 0
7177067 1
7191132 0
7196982 1
7211142 0
7216992 1
7231185 0
7236884 1
7251148 0
7256982 1
7271167 0
7276949 1
7291144 0
7296960 1
7311177 0
7316925 1
7331211 0
7336816 1
7344326 0
7344809 1
7351135 0
7356863 1
7362844 0
7364588 1
7415151 0
7417641 1
7423358 0
7423841 1
7424333 0
7424808 1
7430678 0
7437489 1
7444123 0
7444606 1
7450862 0
7457273 1
7470954 0
7476963 1
7491010 0
7497001 1
7511123 0
7516893 1
7531087 0
7536845 1
7551076 0
7556950 1
7571095 0
7576772 1
7591083 0
7596778 1
7611157 0
7616728 1
7631214 0
7636702 1
7651083 0
7656784 1
7671093 0
7676724 1
7691153 0
7696743 1
7711129 0
7716782 1
7731202 0
7736780 1
7751120 0
7756805 1
7770964 0
7777902 1
7778854 0
7779511 1
7780443 0
7781138 1
7781625 0
7782566 1
7783866 0
7786462 1
7789885 0
7798099 1
7799579 0
7800118 1
7800613 0
7801088 1
7801575 0
7802149 1
7802636 0
7805917 1
7810306 0
7817767 1
7821828 0
7822323 1
7822858 0
7825247 1
7830546 0
7837554 1
7843844 0
7844409 1
7844904 0
7845379 1
7850641 0
7857242 1
7862422 0
7863000 1
7870620 0
7877171 1
7885036 0
7885519 1
7890889 0
7896880 1
7904627 0
7905110 1
7911004 0
7916973 1
7930850 0
7937014 1
7950999 0
7956525 1
7971026 0
7976782 1
7990967 0
7996817 1
8010884 0
8016617 1
8030952 0
8036675 1
8051082 0
8056696 1
8071001 0
8076706 1
8090823 0
8096561 1
8110964 0
8116663 1
8130975 0
8136486 1
8150948 0
8156530 1
8170888 0
8176353 1
8184004 0
8185645 1
8186144 0
8186713 1
8187200 0
8187802 1
8188801 0
8189435 1
8190189 0
8198499 1
8198994 0
8200383 1
8200882 0
8205974 1
8209956 0
8217724 1
8220292 0
8220784 1
8222169 0
8225363 1
8230272 0
8237455 1
8243336 0
8243819 1
8244310 0
8244786 1
8250458 0
8257038 1
8258215 0
8258702 1
8263579 0
8264062 1
8270570 0
8276926 1
8290630 0
8296773 1
8310720 0
8316839 1
8330731 0
8336743 1
8350776 0
8356614 1
8370846 0
8376672 1
8390809 0
8396541 1
8410899 0
8416480 1
8430885 0
8436523 1
8450976 0
8456369 1
8470840 0
8476533 1
8490966 0
8496525 1
8510813 0
8516451 1
8530777 0
8536439 1
8550825 0
8556557 1
8570837 0
8576278 1
8590852 0
8597014 1
8597513 0
8597988 1
8598475 0
8598974 1
8599951 0
8600626 1
8601556 0
8606121 1
8606955 0
8607486 1
8609597 0
8617871 1
8619387 0
8619882 1
8620613 0
8621097 1
8621584 0
8622209 1
8622704 0
8623250 1
8623739 0
8625645 1
8629978 0
8637561 1
8642836 0
8643524 1
8644015 0
8644521 1
8645008 0
8645483 1
8650242 0
8657157 1
8664007 0
8664495 1
8670366 0
8676884 1
8677379 0
8678648 1
8690411 0
8696810 1
8710562 0
8716587 1
8730629 0
8736549 1
8750662 0
8756371 1
8770705 0
8776427 1
8790715 0
8796343 1
8810694 0
8816424 1
8830683 0
8831269 1
8831764 0
8836345 1
8850679 0
8856345 1
8870648 0
8876498 1
8890643 0
8896320 1
8910699 0
8916452 1
8930664 0
8936420 1
8950707 0
8956478 1
8970578 0
8976301 1
8990564 0
8996438 1
9005192 0
9006810 1
9007314 0
9009021 1
9009990 0
9018193 1
9018712 0
9019794 1
9020289 0
9022719 1
9023218 0
9025795 1
9029356 0
9037523 1
9042101 0
9045437 1
9049982 0
9057129 1
9063153 0
9063638 1
9064127 0
9064638 1
9070201 0
9077035 1
9082046 0
9082529 1
9083402 0
9083886 1
9084450 0
9085722 1
9089895 0
9096848 1
9103981 0
9104466 1
9110359 0
9116785 1
9130498 0
9136538 1
9150486 0
9156525 1
9170578 0
9176522 1
9190584 0
9196533 1
9210557 0
9216597 1
9230591 0
9236375 1
9244438 0
9244921 1
9250428 0
9256467 1
9270078 0
9270584 1
9271832 0
9276466 1
9290441 0
9296505 1
9310452 0
9316476 1
9330497 0
9336393 1
9350388 0
9356474 1
9370493 0
9376470 1
9390489 0
9396452 1
9410502 0
9416939 1
9417434 0
9417918 1
9418413 0
9418959 1
9419907 0
9420611 1
9421493 0
9426035 1
9426892 0
9427431 1
9429222 0
9437780 1
9438538 0
9439597 1
9440092 0
9440591 1
9441106 0
9445601 1
9449596 0
9457377 1
9461899 0
9462382 1
9462869 0
9464170 1
9464744 0
9465231 1
9469847 0
9477125 1
9480299 0
9480783 1
9481853 0
9482337 1
9483012 0
9483511 1
9483998 0
9484535 1
9490119 0
9496810 1
9503055 0
9503542 1
9504083 0
9504558 1
9510159 0
9516735 1
9530225 0
9536777 1
9544760 0
9545243 1
9550242 0
9556531 1
9570286 0
9576522 1
9584558 0
9585042 1
9590305 0
9596424 1
9610395 0
9616529 1
9623377 0
9623860 1
9630359 0
9636470 1
9650359 0
9656343 1
9670387 0
9676449 1
9690351 0
9696401 1
9710199 0
9716412 1
9730289 0
9736328 1
9744462 0
9744945 1
9750286 0
9756345 1
9770369 0
9776336 1
9790403 0
9796380 1
9810468 0
9816366 1
9826212 0
9827826 1
9828322 0
9828942 1
9829429 0
9887627 1
9889797 0
9896968 1
9903595 0
9904083 1
9909875 0
9916521 1
9923557 0
9924041 1
9930018 0
9936617 1
9950102 0
9956552 1
9970222 0
9976483 1
9990282 0
9996354 1
10003755 0
10004245 1
10010304 0
10016202 1
10030222 0
10036365 1
10042748 0
10044026 1
10050294 0
10056228 1
10070224 0
10076319 1
10090273 0
10096242 1
10110286 0
10116278 1
10130251 0
10136197 1
10150142 0
10156045 1
10170267 0
10176118 1
10190279 0
10196135 1
10210252 0
10216206 1
10224575 0
10225058 1
10230299 0
10237775 1
10239361 0
10240008 1
10240941 0
10241787 1
10242283 0
10245612 1
10246329 0
10246954 1
10247932 0
10248486 1
10249021 0
10257635 1
10258408 0
10258951 1
10259442 0
10260375 1
10260871 0
10265460 1
10269432 0
10277285 1
10281934 0
10284673 1
10289661 0
10296903 1
10302684 0
10303179 1
10303669 0
10304219 1
10309845 0
10316690 1
10323435 0
10323919 1
10329974 0
10336376 1
10350081 0
10356530 1
10370095 0
10376348 1
10382565 0
10383049 1
10390134 0
10396325 1
10403679 0
10404170 1
10410159 0
10416255 1
10430251 0
10436334 1
10450124 0
10456187 1
10470159 0
10476211 1
10490206 0
10496152 1
10510195 0
10516187 1
10523716 0
10524206 1
10530120 0
10536235 1
10543885 0
10544375 1
10550203 0
10556243 1
10570192 0
10576019 1
10576562 0
10577038 1
10583294 0
10583778 1
10590146 0
10596239 1
10604034 0
10604520 1
10610099 0
10616266 1
10616950 0
10617426 1
10630114 0
10636352 1
10647306 0
10648947 1
10649526 0
10665745 1
10668921 0
10677475 1
10678041 0
10678564 1
10679099 0
10679584 1
10680080 0
10680556 1
10681044 0
10685289 1
10689347 0
10697212 1
10699639 0
10700127 1
10701387 0
10702012 1
10702500 0
10704750 1
10709517 0
10717054 1
10722452 0
10724287 1
10725229 0
10725724 1
10729640 0
10736744 1
10742716 0
10743200 1
10743689 0
10744171 1
10749806 0
10756595 1
10764069 0
10764640 1
10769917 0
10776249 1
10776839 0
10777318 1
10789939 0
10796388 1
10810021 0
10816165 1
10822911 0
10823395 1
10830037 0
10836374 1
10850057 0
10856319 1
10870012 0
10875957 1
10876477 0
10876953 1
10883762 0
10884252 1
10890053 0
10896301 1
10910018 0
10916196 1
10930050 0
10936207 1
10950042 0
10956209 1
10964044 0
10964532 1
10970064 0
10976230 1
10989793 0
10996125 1
11010053 0
11016254 1
11030038 0
11036124 1
11050097 0
11056239 1
11057290 0
11058956 1
11059461 0
11060062 1
11060550 0
11061794 1
11062369 0
11065525 1
11066020 0
11066520 1
11067497 0
11068122 1
11068831 0
11077695 1
11078191 0
11078723 1
11079979 0
11085354 1
11089140 0
11097230 1
11099736 0
11100220 1
11101118 0
11101625 1
11102113 0
11104504 1
11105000 0
11105476 1
11109505 0
11116988 1
11121067 0
11121551 1
11122358 0
11123007 1
11123494 0
11123994 1
11124486 0
11124962 1
11129556 0
11136858 1
11142827 0
11143429 1
11143922 0
11144405 1
11149728 0
11156620 1
11163436 0
11163944 1
11169866 0
11176443 1
11189911 0
11196305 1
11209927 0
11216344 1
11230001 0
11236239 1
11249999 0
11256157 1
11264441 0
11264925 1
11270023 0
11275699 1
11276195 0
11277468 1
11289994 0
11296219 1
11309899 0
11315947 1
11329992 0
11336181 1
11343194 0
11343679 1
11350039 0
11356135 1
11363843 0
11365097 1
11369980 0
11376149 1
11389619 0
11396044 1
11410041 0
11416066 1
11430087 0
11436059 1
11442827 0
11443311 1
11450000 0
11456130 1
11467310 0
11468928 1
11469424 0
11476977 1
11477473 0
11479880 1
11480375 0
11485520 1
11488751 0
11497178 1
11498666 0
11499241 1
11499780 0
11500279 1
11501284 0
11504936 1
11508978 0
11509485 1
11509973 0
11516880 1
11521893 0
11524593 1
11525189 0
11525685 1
11529569 0
11536657 1
11542315 0
11542799 1
11543314 0
11543894 1
11549719 0
11556578 1
11563760 0
11565019 1
11569791 0
11576256 1
11589819 0
11596277 1
11602951 0
11603434 1
11609934 0
11616266 1
11629955 0
11636135 1
11649966 0
11656153 1
11670036 0
11676097 1
11690048 0
11696088 1
11710154 0
11715910 1
11729976 0
11736025 1
11750044 0
11755428 1
11769981 0
11775999 1
11776573 0
11777049 1
11790171 0
11795998 1
11810041 0
11815986 1
11829983 0
11836101 1
11849736 0
11856069 1
11870033 0
11876092 1
11878546 0
11880189 1
11880684 0
11881334 1
11881830 0
11883149 1
11883646 0
11884876 1
11885371 0
11885847 1
11941164 0
11941763 1
11942325 0
11942919 1
11943411 0
11943924 1
11949608 0
11956349 1
11962307 0
11962791 1
11963618 0
11964891 1
11969735 0
11975988 1
11983072 0
11983556 1
11989818 0
11996292 1
12009593 0
12016137 1
12029922 0
12035985 1
12043290 0
12044566 1
12049909 0
12055880 1
12062672 0
12063156 1
12069948 0
12075320 1
12075816 0
12076291 1
12089823 0
12095796 1
12109990 0
12115960 1
12129936 0
12135859 1
12149974 0
12155999 1
12169998 0
12175944 1
12189916 0
12196027 1
12203554 0
12204038 1
12209979 0
12216059 1
12229918 0
12235981 1
12249908 0
12256030 1
12262002 0
12262486 1
12263313 0
12263797 1
12269915 0
12275971 1
12283112 0
12283608 1
12288523 0
12298038 1
12298533 0
12305464 1
12306101 0
12306577 1
12308736 0
12317313 1
12317832 0
12320333 1
12321038 0
12325018 1
12329305 0
12336865 1
12339173 0
12339657 1
12341619 0
12344743 1
12349434 0
12356595 1
12362276 0
12364016 1
12369616 0
12376558 1
12383232 0
12383796 1
12389678 0
12396325 1
12396915 0
12397391 1
12409768 0
12416297 1
12429851 0
12436180 1
12449897 0
12456204 1
12469836 0
12476147 1
12490025 0
12496112 1
12509895 0
12515962 1
12529889 0
12535986 1
12549907 0
12555972 1
12569901 0
12576020 1
12589923 0
12595917 1
12609891 0
12615908 1
12629905 0
12635708 1
12649903 0
12655970 1
12669891 0
12675759 1
12689858 0
12695851 1
12699681 0
12701347 1
12701843 0
12702799 1
12703295 0
12705205 1
12706087 0
12707831 1
12708410 0
12717764 1
12718260 0
12720257 1
12720753 0
12724004 1
12724501 0
12725269 1
12728901 0
12737022 1
12738559 0
12739814 1
12740846 0
12741393 1
12741881 0
12744832 1
12749331 0
12756562 1
12761281 0
12761765 1
12762253 0
12764108 1
12769530 0
12776508 1
12783070 0
12783566 1
12789513 0
12796232 1
12803246 0
12803733 1
12809562 0
12816091 1
12824390 0
12824873 1
12829849 0
12836117 1
12849730 0
12855944 1
12869940 0
12875966 1
12889882 0
12895836 1
12902408 0
12902892 1
12903871 0
12904364 1
12909485 0
12915935 1
12929575 0
12935884 1
12949903 0
12955904 1
12963082 0
12963566 1
12969979 0
12975948 1
12983276 0
12984547 1
12989960 0
12995852 1
13009974 0
13015847 1
13023321 0
13023805 1
13029941 0
13035604 1
13036194 0
13036670 1
13049956 0
13055884 1
13069988 0
13075944 1
13089989 0
13095841 1
13109639 0
13117015 1
13117511 0
13117987 1
13118474 0
13119652 1
13120148 0
13125368 1
13128795 0
13137116 1
13138827 0
13139310 1
13139822 0
13140298 1
13140785 0
13144910 1
13149173 0
13156860 1
13162053 0
13164511 1
13169437 0
13176542 1
13182784 0
13183315 1
13183803 0
13184285 1
13189581 0
13196323 1
13203730 0
13204218 1
13209772 0
13215644 1
13216167 0
13216647 1
13229768 0
13236077 1
13249829 0
13255971 1
13269817 0
13275865 1
13289838 0
13295690 1
13309897 0
13315844 1
13329529 0
13335916 1
13349842 0
13355763 1
13369879 0
13375782 1
13389952 0
13395747 1
13409845 0
13415852 1
13429928 0
13435547 1
13443333 0
13443817 1
13449868 0
13455695 1
13469886 0
13475762 1
13489901 0
13495611 1
13509851 0
13515727 1
13519678 0
13521332 1
13521837 0
13522580 1
13523068 0
13524403 1
13524899 0
13525375 1
13526102 0
13526705 1
13527200 0
13537243 1
13539222 0
13545050 1
13549046 0
13556855 1
13561675 0
13564459 1
13569448 0
13576669 1
13580885 0
13581369 1
13582618 0
13583932 1
13589367 0
13596404 1
13599090 0
13599583 1
13602829 0
13603360 1
13603848 0
13604329 1
13609649 0
13616296 1
13622796 0
13623371 1
13629638 0
13636285 1
13649801 0
13656109 1
13669768 0
13676076 1
13689862 0
13696075 1
13703713 0
13704970 1
13709718 0
13715994 1
13723759 0
13724253 1
13729690 0
13736022 1
13749854 0
13755940 1
13769699 0
13770183 1
13770671 0
13775970 1
13789904 0
13795908 1
13809809 0
13815904 1
13829854 0
13836012 1
13849820 0
13855908 1
13869810 0
13875977 1
13889823 0
13895873 1
13909812 0
13915839 1
13929861 0
13936918 1
13937414 0
13937889 1
13938377 0
13939074 1
13939570 0
13940574 1
13941837 0
13945411 1
13948688 0
13957173 1
13957984 0
13958515 1
13959003 0
13959479 1
13960003 0
13960487 1
13960975 0
13964957 1
13968968 0
13976836 1
13978636 0
13979120 1
13980964 0
13981447 1
13981939 0
13984529 1
13989319 0
13996518 1
14002255 0
14002857 1
14069729 0
14075870 1
14089673 0
14095911 1
14109747 0
14115834 1
14123596 0
14124086 1
14129665 0
14135926 1
14149733 0
14155923 1
14169797 0
14175881 1
14189829 0
14195891 1
14209842 0
14215835 1
14229808 0
14235834 1
14249876 0
14255752 1
14269839 0
14275904 1
14289832 0
14295801 1
14303351 0
14303835 1
14309710 0
14315632 1
14329580 0
14335738 1
14340751 0
14342464 1
14343753 0
14344693 1
14345559 0
14346174 1
14347150 0
14347784 1
14348280 0
14357156 1
14357651 0
14359239 1
14359735 0
14362086 1
14362661 0
14365041 1
14368942 0
14376852 1
14379303 0
14379790 1
14380325 0
14380801 1
14381557 0
14384626 1
14389346 0
14396646 1
14400022 0
14400527 1
14401776 0
14402259 1
14402747 0
14403894 1
14404449 0
14404932 1
14409423 0
14416292 1
14422486 0
14423787 1
14429144 0
14429644 1
14430132 0
14436266 1
14443280 0
14443763 1
14449712 0
14455901 1
14469828 0
14476088 1
14489737 0
14495986 1
14509835 0
14515954 1
14529541 0
14535510 1
14549799 0
14555842 1
14569791 0
14575378 1
14575874 0
14576350 1
14589786 0
14595822 1
14603273 0
14603757 1
14609855 0
14615596 1
14629781 0
14635773 1
14636537 0
14637021 1
14643713 0
14644204 1
14649861 0
14655736 1
14669829 0
14675846 1
14689551 0
14695673 1
14709834 0
14715834 1
14729830 0
14735775 1
14749888 0
14756631 1
14757206 0
14757693 1
14758323 0
14759067 1
14759563 0
14760180 1
14760668 0
14765375 1
14768776 0
14777132 1
14778282 0
14779584 1
14780235 0
14780848 1
14781336 0
14784721 1
14789055 0
14796596 1
14801678 0
14803250 1
14803746 0
14804369 1
14809374 0
14816455 1
14822350 0
14822846 1
14823334 0
14823833 1
14829518 0
14836189 1
14843099 0
14843583 1
14849610 0
14856107 1
14864524 0
14865095 1
14869674 0
14875982 1
14889709 0
14895970 1
14909753 0
14915958 1
14929742 0
14935909 1
14949802 0
14955921 1
14969896 0
14975909 1
14976432 0
14976908 1
14989785 0
14995927 1
