1301 0
6001 1
7138 0
11068 1
21284 0
25522 1
27164 0
31070 1
41286 0
45548 1
47166 0
51068 1
61316 0
66081 1
67162 0
71092 1
81285 0
778966 1
781486 0
785842 1
787377 0
791293 1
801521 0
806110 1
807353 0
811294 1
821497 0
825794 1
827375 0
831295 1
841499 0
845841 1
847361 0
851288 1
861491 0
865835 1
867370 0
871309 1
881514 0
885858 1
887393 0
891332 1
901512 0
905785 1
907381 0
911307 1
921502 0
925693 1
927393 0
931309 1
941490 0
945597 1
947415 0
951312 1
961492 0
965694 1
967394 0
971309 1
981512 0
985715 1
987432 0
991326 1
1001534 0
1005682 1
1007391 0
1011337 1
1021517 0
1025593 1
1027420 0
1031362 1
1041544 0
1045596 1
1047423 0
1051372 1
1061533 0
1065653 1
1067448 0
1071367 1
1081552 0
1085708 1
1087432 0
1091349 1
1101553 0
1105732 1
1107433 0
1111386 1
1121551 0
1125676 1
1127471 0
1131365 1
1141544 0
1145747 1
1147447 0
1151363 1
1161567 0
1165747 1
1167471 0
1171389 1
1181584 0
1185760 1
1187473 0
1191381 1
1201595 0
1205743 1
1207447 0
1211388 1
1221601 0
1225654 1
1227472 0
1231414 1
1241605 0
1245807 1
1247492 0
1251375 1
1261607 0
1265975 1
1267487 0
1271405 1
1281608 0
1286000 1
1287488 0
1291405 1
1301633 0
1305765 1
1307533 0
1311424 1
1321609 0
1325756 1
1327513 0
1331431 1
1341615 0
1345715 1
1347518 0
1351436 1
1361617 0
1365890 1
1367543 0
1371452 1
1381617 0
1385879 1
1387512 0
1391431 1
1401659 0
1406036 1
1407539 0
1411456 1
1421638 0
1425723 1
1427518 0
1431461 1
1441677 0
1446104 1
1447530 0
1451447 1
1461656 0
1466244 1
1467559 0
1471477 1
1481682 0
1486121 1
1487562 0
1491478 1
1501705 0
1505845 1
1507549 0
1511466 1
1521645 0
1525509 1
1527572 0
1531469 1
1541650 0
1545829 1
1547553 0
1551470 1
1561674 0
1565600 1
1567562 0
1571491 1
1581673 0
1585514 1
1587577 0
1591517 1
1601721 0
1606090 1
1607601 0
1611519 1
1621702 0
1625661 1
1627591 0
1631525 1
1641662 0
1645785 1
1647612 0
1651529 1
1661686 0
1665927 1
1667617 0
1671524 1
1681714 0
1685696 1
1687609 0
1691535 1
1701750 0
1706233 1
1707618 0
1711559 1
1721721 0
1725759 1
1727624 0
1731541 1
1741697 0
1745655 1
1747624 0
1751551 1
1761740 0
1766049 1
1767632 0
1771572 1
1781730 0
1785641 1
1787657 0
1791575 1
1801784 0
1806104 1
1807640 0
1811581 1
1821756 0
1825970 1
1827651 0
1831592 1
1841789 0
1846030 1
1847660 0
1851578 1
1861758 0
1866276 1
1867661 0
1871579 1
1881783 0
1886052 1
1887674 0
1891603 1
1901785 0
1906012 1
1907665 0
1911605 1
1921787 0
1925966 1
1927666 0
1931606 1
1941810 0
1945989 1
1947700 0
1951607 1
1961796 0
1966094 1
1967700 0
1971610 1
1981800 0
1985994 1
1987695 0
1991612 1
2001826 0
2006020 1
2007721 0
2011630 1
2021794 0
2025844 1
2027735 0
2031628 1
2041831 0
2046010 1
2047711 0
2051629 1
2061834 0
2066305 1
2067718 0
2071673 1
2081850 0
2086229 1
2087743 0
2091661 1
2101864 0
2106430 1
2107721 0
2111662 1
2121865 0
2125988 1
2127746 0
2131685 1
2141873 0
2146060 1
2147742 0
2151681 1
2161869 0
2166039 1
2167745 0
2171685 1
2181864 0
2186138 1
2187769 0
2191686 1
2201889 0
2206110 1
2207753 0
2211706 1
2221888 0
2226067 1
2227769 0
2231686 1
2241913 0
2246186 1
2247794 0
2251711 1
2261895 0
2266216 1
2267817 0
2271711 1
2281900 0
2286173 1
2287772 0
2291713 1
2301926 0
2306271 1
2307798 0
2311739 1
2321906 0
2326030 1
2327826 0
2331748 1
2341941 0
2346226 1
2347809 0
2351724 1
2361936 0
2366477 1
2367818 0
2371735 1
2381919 0
2386241 1
2387849 0
2391760 1
2401948 0
2406280 1
2407841 0
2411758 1
2421962 0
2426117 1
2427843 0
2431760 1
2441940 0
2446237 1
2447821 0
2451760 1
2461956 0
2466325 1
2467842 0
2471759 1
2481966 0
2486287 1
2487871 0
2491785 1
2501988 0
2506521 1
2507869 0
2511809 1
2521965 0
2526166 1
2527853 0
2531782 1
2541986 0
2546188 1
2547867 0
2551808 1
2561988 0
2566412 1
2567869 0
2571809 1
2582013 0
2586287 1
2587895 0
2591809 1
2602017 0
2606314 1
2607898 0
2611816 1
2621971 0
2626174 1
2627899 0
2631816 1
2641996 0
2646199 1
2647881 0
2651861 1
2662033 0
2666286 1
2667917 0
2671835 1
2682047 0
2686348 1
2687923 0
2691864 1
2702053 0
2706469 1
2707902 0
2711850 1
2722043 0
2726281 1
2727936 0
2731854 1
2742034 0
2746189 1
2747939 0
2751856 1
2762037 0
2766475 1
2767917 0
2771858 1
2822082 0
2826249 1
2827955 0
2831872 1
2842076 0
2846231 1
2847961 0
2851902 1
2862082 0
2866190 1
2867986 0
2871880 1
2882108 0
2886274 1
2887988 0
2891884 1
2902097 0
2906338 1
2907993 0
2911910 1
2922100 0
2926247 1
2928000 0
2931917 1
2942097 0
2946240 1
2947971 0
2951899 1
2962104 0
2966236 1
2968008 0
2971923 1
2982103 0
2986451 1
2988011 0
2991929 1
3002133 0
3006383 1
3008009 0
3011927 1
3022139 0
3026215 1
3028020 0
3031956 1
3042137 0
3046237 1
3048018 0
3051957 1
3062138 0
3066143 1
3068019 0
3071968 1
3082153 0
3086335 1
3088041 0
3091958 1
3102139 0
3106365 1
3108020 0
3111957 1
3122138 0
3126294 1
3128043 0
3131966 1
3142164 0
3146270 1
3148047 0
3151991 1
3162172 0
3166305 1
3168054 0
3171971 1
3182176 0
3186355 1
3188057 0
3191975 1
3202179 0
3206425 1
3208068 0
3212021 1
3222177 0
3226347 1
3228105 0
3232009 1
3242175 0
3246278 1
3248079 0
3251995 1
3262209 0
3266299 1
3268104 0
3272030 1
3282210 0
3286295 1
3288118 0
3292012 1
3302215 0
3306442 1
3308097 0
3312013 1
3322216 0
3326268 1
3328115 0
3332045 1
3342206 0
3346306 1
3348135 0
3352053 1
3362233 0
3366530 1
3368114 0
3372031 1
3382236 0
3386533 1
3388117 0
3392073 1
3402271 0
3406527 1
3408135 0
3412073 1
3422230 0
3426315 1
3428135 0
3432049 1
3442255 0
3446387 1
3448136 0
3452073 1
3462265 0
3466433 1
3468169 0
3472080 1
3482260 0
3486416 1
3488172 0
3492083 1
3502287 0
3506470 1
3508163 0
3512097 1
3522277 0
3526394 1
3528194 0
3532117 1
3542298 0
3546398 1
3548176 0
3552110 1
3562299 0
3566643 1
3568177 0
3572111 1
3582304 0
3586619 1
3588188 0
3592111 1
3602319 0
3606427 1
3608183 0
3612141 1
3622298 0
3626406 1
3628209 0
3632144 1
3642301 0
3646409 1
3648199 0
3652150 1
3662334 0
3666536 1
3668197 0
3672155 1
3682337 0
3686507 1
3688224 0
3692158 1
3702339 0
3706486 1
3708250 0
3712151 1
3722340 0
3726569 1
3728206 0
3732140 1
3742345 0
3746477 1
3748233 0
3752167 1
3762348 0
3766504 1
3768259 0
3772170 1
3782369 0
3786479 1
3788242 0
3792176 1
3802358 0
3806433 1
3808245 0
3812179 1
3822337 0
3826319 1
3828271 0
3832182 1
3842363 0
3846288 1
3848269 0
3852216 1
3862349 0
3866354 1
3868274 0
3872209 1
3882375 0
3886643 1
3888281 0
3892168 1
3902372 0
3906569 1
3908265 0
3912211 1
3922392 0
3926524 1
3928280 0
3932215 1
3942398 0
3946450 1
3948285 0
3952243 1
3962424 0
3966602 1
3968304 0
3972211 1
3982419 0
3986621 1
3988305 0
3992240 1
4002445 0
4006647 1
4008289 0
4012246 1
4022450 0
4026597 1
4028313 0
4032260 1
4042448 0
4046560 1
4048315 0
4052250 1
4062431 0
4066812 1
4068322 0
4072279 1
4082448 0
4086501 1
4088337 0
4092248 1
4102471 0
4106635 1
4108345 0
4112280 1
4122437 0
4126427 1
4128347 0
4132305 1
4142438 0
4146428 1
4148349 0
4152284 1
4162465 0
4166639 1
4168364 0
4172287 1
4182444 0
4186355 1
4188355 0
4192313 1
4202470 0
4206451 1
4208356 0
4212315 1
4222471 0
4226487 1
4228373 0
4232320 1
4242476 0
4246553 1
4248364 0
4252298 1
4262478 0
4266366 1
4268389 0
4272323 1
4282479 0
4286315 1
4288413 0
4292312 1
4302473 0
4306384 1
4308383 0
4312321 1
4322501 0
4326341 1
4328389 0
4332347 1
4342505 0
4346393 1
4348416 0
4352370 1
4362492 0
4366368 1
4368415 0
4372353 1
4382509 0
4386326 1
4388421 0
4392355 1
4402512 0
4406682 1
4408422 0
4412356 1
4422548 0
4426640 1
4428422 0
4432380 1
4442547 0
4446378 1
4448424 0
4452359 1
4462575 0
4466699 1
4468454 0
4472389 1
4482545 0
4486530 1
4488459 0
4492405 1
4502562 0
4506695 1
4508454 0
4512389 1
4522569 0
4526725 1
4528457 0
4532391 1
4542572 0
4546699 1
4548494 0
4552393 1
4562575 0
4566631 1
4568466 0
4572400 1
4582558 0
4586436 1
4588492 0
4592426 1
4602583 0
4606682 1
4608506 0
4612420 1
4622605 0
4626714 1
4628492 0
4632403 1
4642583 0
4646695 1
4648498 0
4652432 1
4662613 0
4666675 1
4668501 0
4672431 1
4682600 0
4686452 1
4688499 0
4692434 1
4702637 0
4706547 1
4708524 0
4712459 1
4722639 0
4726742 1
4728506 0
4732441 1
4742639 0
4746806 1
4748517 0
4752452 1
4762642 0
4766576 1
4768543 0
4772458 1
4782614 0
4786477 1
4788525 0
4792459 1
4802639 0
4806785 1
4808524 0
4812471 1
4822632 0
4826567 1
4828566 0
4832477 1
4842635 0
4846499 1
4848546 0
4852457 1
4862661 0
4866686 1
4912219 0
4912788 1
4922663 0
4926546 1
4928568 0
4932503 1
4942669 0
4946524 1
4948595 0
4952506 1
4962694 0
4966531 1
4968590 0
4972490 1
4982646 0
4986462 1
4988581 0
4992515 1
5002672 0
5006654 1
5008606 0
5012540 1
5022696 0
5026678 1
5028590 0
5032521 1
5042727 0
5046619 1
5048618 0
5052529 1
5062709 0
5066761 1
5068619 0
5072529 1
5082710 0
5086692 1
5088621 0
5092549 1
5102742 0
5106609 1
5108610 0
5112544 1
5122702 0
5126613 1
5128636 0
5132570 1
5142727 0
5146618 1
5148619 0
5152554 1
5162752 0
5166640 1
5168645 0
5172580 1
5182737 0
5186648 1
5188672 0
5192583 1
5202744 0
5206631 1
5208631 0
5212565 1
5222767 0
5226709 1
5228675 0
5232588 1
5242778 0
5246689 1
5248680 0
5252590 1
5262779 0
5266737 1
5268656 0
5272590 1
5282803 0
5286698 1
5288680 0
5292603 1
5302785 0
5307058 1
5308672 0
5312606 1
5322787 0
5326697 1
5328674 0
5332609 1
5342791 0
5346705 1
5348716 0
5352632 1
5362794 0
5366705 1
5368704 0
5372639 1
5382800 0
5386655 1
5388703 0
5392613 1
5402826 0
5406681 1
5408704 0
5412661 1
5422804 0
5426703 1
5428731 0
5432666 1
5442822 0
5446804 1
5448709 0
5452643 1
5462847 0
5466805 1
5468734 0
5472669 1
5482841 0
5486757 1
5488736 0
5492647 1
5502832 0
5506743 1
5508743 0
5512678 1
5522834 0
5526933 1
5528767 0
5532669 1
5542834 0
5546650 1
5548776 0
5552675 1
5562856 0
5566672 1
5568743 0
5572682 1
5582862 0
5586702 1
5588772 0
5592707 1
5602839 0
5606744 1
5608756 0
5612703 1
5622840 0
5626624 1
5628774 0
5632685 1
5642840 0
5646680 1
5648774 0
5652709 1
5662869 0
5666710 1
5668793 0
5672719 1
5682862 0
5686678 1
5688773 0
5692708 1
5702887 0
5706680 1
5708798 0
5712733 1
5722891 0
5726754 1
5728826 0
5732754 1
5742907 0
5746712 1
5748806 0
5752740 1
5762897 0
5766784 1
5768830 0
5772741 1
5782898 0
5786738 1
5788832 0
5792756 1
5802936 0
5806766 1
5808816 0
5812750 1
5822909 0
5826820 1
5828844 0
5832778 1
5842911 0
5846779 1
5848850 0
5852784 1
5862941 0
5866752 1
5868836 0
5872758 1
5882914 0
5886768 1
5888848 0
5892782 1
5902938 0
5906770 1
5908849 0
5912784 1
5922941 0
5926791 1
5928853 0
5932776 1
5942932 0
5946678 1
5948891 0
5952801 1
5962958 0
5966798 1
5968869 0
5972804 1
5982961 0
5986825 1
5988880 0
5992811 1
6002949 0
6006860 1
6008882 0
6012817 1
6022973 0
6026814 1
6028884 0
6032818 1
6042974 0
6046862 1
6048885 0
6052835 1
6062965 0
6066817 1
6068911 0
6072849 1
6083005 0
6086869 1
6088916 0
6092850 1
6103006 0
6106893 1
6108917 0
6112828 1
6123025 0
6126846 1
6128921 0
6132856 1
6143012 0
6146875 1
6148923 0
6152857 1
6163036 0
6166876 1
6168924 0
6172858 1
6183037 0
6186935 1
6188943 0
6192889 1
6203022 0
6206877 1
6208925 0
6212883 1
6223049 0
6226928 1
6228953 0
6232863 1
6243020 0
6246925 1
6248961 0
6252884 1
6263041 0
6266905 1
6268952 0
6272887 1
6283070 0
6286887 1
6288958 0
6292892 1
6303073 0
6306937 1
6309002 0
6312915 1
6323052 0
6326907 1
6328962 0
6332920 1
6343055 0
6346937 1
6348994 0
6352928 1
6363061 0
6366915 1
6368986 0
6372937 1
6383076 0
6386952 1
6388976 0
6392933 1
6403115 0
6407026 1
6409002 0
6412936 1
6423094 0
6426958 1
6429005 0
6432940 1
6443114 0
6447014 1
6448993 0
6452951 1
6463112 0
6467093 1
6469022 0
6472956 1
6483089 0
6487000 1
6489047 0
6492957 1
6503114 0
6506993 1
6509005 0
6512975 1
6523113 0
6527048 1
6529024 0
6532959 1
6543115 0
6546979 1
6549050 0
6552985 1
6563141 0
6567036 1
6569044 0
6572990 1
6583147 0
6587035 1
6589058 0
6592993 1
6603126 0
6607037 1
6609060 0
6612995 1
6623151 0
6627043 1
6629084 0
6632992 1
6643178 0
6647065 1
6649056 0
6652990 1
6663180 0
6667058 1
6669081 0
6673016 1
6683181 0
6687059 1
6689082 0
6693032 1
6703201 0
6707053 1
6709077 0
6713012 1
6723169 0
6727033 1
6729103 0
6733041 1
6743197 0
6747038 1
6749085 0
6753043 1
6763233 0
6767282 1
6769073 0
6773031 1
6783215 0
6787102 1
6789127 0
6793061 1
6803218 0
6807106 1
6809128 0
6813063 1
6823220 0
6827149 1
6829124 0
6833047 1
6843232 0
6847119 1
6849142 0
6853077 1
6863234 0
6867098 1
6869144 0
6873079 1
6883236 0
6887114 1
6889135 0
6893062 1
6903218 0
6907129 1
6909152 0
6913087 1
6923244 0
6927202 1
6929155 0
6933113 1
6943270 0
6947181 1
7003295 0
7007203 1
7009183 0
7013098 1
7023256 0
7027215 1
7029192 0
7033126 1
7043284 0
7047194 1
7049194 0
7053128 1
7063285 0
7067238 1
7069185 0
7073132 1
7083297 0
7087199 1
7089203 0
7093161 1
7103295 0
7107262 1
7109205 0
7113163 1
7123321 0
7127300 1
7129223 0
7133174 1
7143330 0
7147264 1
7149240 0
7153175 1
7163308 0
7167219 1
7169219 0
7173130 1
7183335 0
7187246 1
7189235 0
7193194 1
7203331 0
7207266 1
7209241 0
7213176 1
7223333 0
7227244 1
7229265 0
7233200 1
7243357 0
7247221 1
7249244 0
7253193 1
7263365 0
7267193 1
7269264 0
7273199 1
7283359 0
7287152 1
7289292 0
7293226 1
7303384 0
7307201 1
7309271 0
7313206 1
7323381 0
7327242 1
7329292 0
7333226 1
7343383 0
7347251 1
7349297 0
7353231 1
7363389 0
7367253 1
7369275 0
7373210 1
7383390 0
7387228 1
7389301 0
7393248 1
7403381 0
7407244 1
7409337 0
7413248 1
7423406 0
7427270 1
7429315 0
7433250 1
7443406 0
7447257 1
7449334 0
7453257 1
7463413 0
7467277 1
7469347 0
7473282 1
7483439 0
7487307 1
7489329 0
7493272 1
7503429 0
7507317 1
7509353 0
7513281 1
7523422 0
7527387 1
7529362 0
7533298 1
7543455 0
7547347 1
7549345 0
7553304 1
7563438 0
7567349 1
7569371 0
7573300 1
7583427 0
7587350 1
7589371 0
7593307 1
7603462 0
7607397 1
7609372 0
7613306 1
7623487 0
7627402 1
7629377 0
7633311 1
7643480 0
7647372 1
7649397 0
7653332 1
7663490 0
7667424 1
7669398 0
7673333 1
7683514 0
7687449 1
7689400 0
7693334 1
7703492 0
7707441 1
7709426 0
7713349 1
7723506 0
7727441 1
7729439 0
7733378 1
7743534 0
7747492 1
7749420 0
7753355 1
7763535 0
7767488 1
7769428 0
7773374 1
7783532 0
7787396 1
7789465 0
7793376 1
7803509 0
7807364 1
7809442 0
7813377 1
7823511 0
7827346 1
7829457 0
7833376 1
7843536 0
7847517 1
7849470 0
7853381 1
7863561 0
7867378 1
7869447 0
7873385 1
7883565 0
7887476 1
7889474 0
7893426 1
7903567 0
7907470 1
7909492 0
7913403 1
7923583 0
7927447 1
7929493 0
7933403 1
7943583 0
7947470 1
7949491 0
7953426 1
7963601 0
7967584 1
7969515 0
7973449 1
7983607 0
7987546 1
7989488 0
7993446 1
8003636 0
8007547 1
8009513 0
8013447 1
8023636 0
8027526 1
8029530 0
8033453 1
8043610 0
8047497 1
8049519 0
8053458 1
8063614 0
8067454 1
8069523 0
8073457 1
8083614 0
8087472 1
8089554 0
8093476 1
8103634 0
8107545 1
8109544 0
8113479 1
8123642 0
8127506 1
8129552 0
8133510 1
8143643 0
8147554 1
8149591 0
8153513 1
8163652 0
8167619 1
8169561 0
8173495 1
8183679 0
8187646 1
8189564 0
8193499 1
8203680 0
8207670 1
8209584 0
8213531 1
8223672 0
8227595 1
8229569 0
8233527 1
8243687 0
8247668 1
8249593 0
8253528 1
8263661 0
8267740 1
8269617 0
8273529 1
8283705 0
8287728 1
8289632 0
8293567 1
8303705 0
8307663 1
8309613 0
8313547 1
8323705 0
8327664 1
8329615 0
8333549 1
8343706 0
8347707 1
8349620 0
8353567 1
8363729 0
8367687 1
8369615 0
8373550 1
8383731 0
8387666 1
8389640 0
8393574 1
8403730 0
8407969 1
8409630 0
8413576 1
8423757 0
8427691 1
8429664 0
8433576 1
8443780 0
8447787 1
8449667 0
8453601 1
8463758 0
8467765 1
8469706 0
8473586 1
8483770 0
8487778 1
8489678 0
8493580 1
8503793 0
8507776 1
8509702 0
8513604 1
8523794 0
8527777 1
8529693 0
8533654 1
8543787 0
8547909 1
8549710 0
8553620 1
8563823 0
8568009 1
8569689 0
8573623 1
8583806 0
8588034 1
8589713 0
8593648 1
8603818 0
8607993 1
8609702 0
8613660 1
8623816 0
8627752 1
8629725 0
8633636 1
8643815 0
8647897 1
8649730 0
8653665 1
8663822 0
8668012 1
8669727 0
8673677 1
8683843 0
8687991 1
8689744 0
8693679 1
8703836 0
8707899 1
8709747 0
8713682 1
8723838 0
8727825 1
8729760 0
8733683 1
8743864 0
8748045 1
8749751 0
8753690 1
8763893 0
8768027 1
8769778 0
8773713 1
8783893 0
8787971 1
8789769 0
8793716 1
8803877 0
8807955 1
8809764 0
8813699 1
8823903 0
8827867 1
8829793 0
8833727 1
8843908 0
8848009 1
8849816 0
8853747 1
8863885 0
8867690 1
8869782 0
8873717 1
8883897 0
8887763 1
8889809 0
8893743 1
8903905 0
8907865 1
8909840 0
8913727 1
8923927 0
8927836 1
8929862 0
8933749 1
8943928 0
8947865 1
8949840 0
8953751 1
8963911 0
8967825 1
8969847 0
8973758 1
8983939 0
8987910 1
8989836 0
8993759 1
9003952 0
9007889 1
9009854 0
9013765 1
9023977 0
9027882 1
9029878 0
9033789 1
9043946 0
9047876 1
9103989 0
9107994 1
9109873 0
9113808 1
9123990 0
9127973 1
9129877 0
9133811 1
9143992 0
9147929 1
9149904 0
9153838 1
9163999 0
9167857 1
9169901 0
9173812 1
9184015 0
9187881 1
9189902 0
9193836 1
9204040 0
9208056 1
9209927 0
9213862 1
9224015 0
9228015 1
9229925 0
9233859 1
9244038 0
9248093 1
9249936 0
9253861 1
9264043 0
9268254 1
9269954 0
9273865 1
9284045 0
9288230 1
9289970 0
9293870 1
9304050 0
9308180 1
9309936 0
9313871 1
9324079 0
9328233 1
9329965 0
9333900 1
9344079 0
9348050 1
9349980 0
9353894 1
9364084 0
9367917 1
9369962 0
9373897 1
9384085 0
9388068 1
9389985 0
9393896 1
9404108 0
9408139 1
9410025 0
9413905 1
9424089 0
9428183 1
9430005 0
9433916 1
9444121 0
9448010 1
9450004 0
9453915 1
9464097 0
9468150 1
9470031 0
9473937 1
9484106 0
9488201 1
9490004 0
9493939 1
9504119 0
9508278 1
9510011 0
9513945 1
9524150 0
9528281 1
9530037 0
9533971 1
9544165 0
9548265 1
9550040 0
9553975 1
9564157 0
9568274 1
9570045 0
9573979 1
9584159 0
9588322 1
9590045 0
9594003 1
9604160 0
9608271 1
9610051 0
9613997 1
9624177 0
9628190 1
9630064 0
9633999 1
9644159 0
9648173 1
9650071 0
9654005 1
9664163 0
9668194 1
9670085 0
9674031 1
9684192 0
9688180 1
9690069 0
9694028 1
9704194 0
9708131 1
9710094 0
9714029 1
9724219 0
9728162 1
9730133 0
9734056 1
9744194 0
9748286 1
9750103 0
9754018 1
9764221 0
9768257 1
9770107 0
9774042 1
9784223 0
9788283 1
9790133 0
9794062 1
9804231 0
9808307 1
9810110 0
9814045 1
9824249 0
9828309 1
9830136 0
9834047 1
9844229 0
9848172 1
9850140 0
9854051 1
9864251 0
9868152 1
9870153 0
9874065 1
9884244 0
9888110 1
9890155 0
9894065 1
9904245 0
9908187 1
9910179 0
9914067 1
9924247 0
9928206 1
9930159 0
9934086 1
9944244 0
9948210 1
9950179 0
9954090 1
9964246 0
9968165 1
9970181 0
9974116 1
9984273 0
9988186 1
9990186 0
9994109 1
10004291 0
10008188 1
10010204 0
10014107 1
10024297 0
10028240 1
10030200 0
10034136 1
10044302 0
10048241 1
10050190 0
10054137 1
10064319 0
10068439 1
10070211 0
10074147 1
10084305 0
10088295 1
10090217 0
10094152 1
10104309 0
10108361 1
10110218 0
10114164 1
10124346 0
10128454 1
10130211 0
10134147 1
10144352 0
10148436 1
10150241 0
10154176 1
10164358 0
10168409 1
10170237 0
10174184 1
10184342 0
10188341 1
10190231 0
10194171 1
10204351 0
10208294 1
10210264 0
10214200 1
10224356 0
10228273 1
10230293 0
10234181 1
10244361 0
10248281 1
10250250 0
10254185 1
10264391 0
10268219 1
10270283 0
10274194 1
10284387 0
10288324 1
10290321 0
10294200 1
10304358 0
10308253 1
10310269 0
10314205 1
10324386 0
10328362 1
10330299 0
10334234 1
10344406 0
10348338 1
10350287 0
10354227 1
10364409 0
10368401 1
10370299 0
10374234 1
10384392 0
10388453 1
10390328 0
10394259 1
10404391 0
10408468 1
10410343 0
10414255 1
10424413 0
10428357 1
10430326 0
10434262 1
10444421 0
10448309 1
10450325 0
10454281 1
10464411 0
10468389 1
10470358 0
10474270 1
10484452 0
10488474 1
10490341 0
10494276 1
10504457 0
10508424 1
10510360 0
10514288 1
10524449 0
10528416 1
10530385 0
10534297 1
10544455 0
10548426 1
10550371 0
10554306 1
10564488 0
10568455 1
10570396 0
10574295 1
10584470 0
10588578 1
10590397 0
10594331 1
10604498 0
10608513 1
10610426 0
10614314 1
10624497 0
10628473 1
10630398 0
10634326 1
10644487 0
10648457 1
10650403 0
10654338 1
10664496 0
10668533 1
10670408 0
10674343 1
10684528 0
10688537 1
10690420 0
10694344 1
10704502 0
10708468 1
10710438 0
10714373 1
10724506 0
10728425 1
10730442 0
10734354 1
10744534 0
10748473 1
10750422 0
10754369 1
10764526 0
10768515 1
10770438 0
10774372 1
10784531 0
10788578 1
10790444 0
10794379 1
10804561 0
10808539 1
10810438 0
10814386 1
10824543 0
10828537 1
10830460 0
10834395 1
10844551 0
10848495 1
10850488 0
10854423 1
10864575 0
10868538 1
10870456 0
10874391 1
10884580 0
10888526 1
10890487 0
10894423 1
10904580 0
10908477 1
10910470 0
10914405 1
10924603 0
10928466 1
10930476 0
10934419 1
10944587 0
10948554 1
10950491 0
10954428 1
10964586 0
10968562 1
10970499 0
10974435 1
10984636 0
10988582 1
10990509 0
10994421 1
11004603 0
11008592 1
11010514 0
11014450 1
11024607 0
11028578 1
11030524 0
11082558 1
11084615 0
11088598 1
11090520 0
11094479 1
11104637 0
11108675 1
11110527 0
11114462 1
11124644 0
11128586 1
11130561 0
11134485 1
11144649 0
11148546 1
11150562 0
11154497 1
11164654 0
11168622 1
11170544 0
11174479 1
11184664 0
11188654 1
11190584 0
11194513 1
11204652 0
11208690 1
11210565 0
11214500 1
11224683 0
11228580 1
11230573 0
11234509 1
11244668 0
11248658 1
11250615 0
11254532 1
11264671 0
11268708 1
11270630 0
11274533 1
11284699 0
11288642 1
11290579 0
11294515 1
11304697 0
11308607 1
11310617 0
11314540 1
11324698 0
11328641 1
11330611 0
11334546 1
11344727 0
11348650 1
11350620 0
11354531 1
11364712 0
11368639 1
11370621 0
11374568 1
11384702 0
11388622 1
11390639 0
11394578 1
11404735 0
11408654 1
11410623 0
11414558 1
11424739 0
11428630 1
11430646 0
11434570 1
11444728 0
11448553 1
11450640 0
11454575 1
11464736 0
11468655 1
11470648 0
11474584 1
11484760 0
11488590 1
11490658 0
11494593 1
11504752 0
11508649 1
11510665 0
11514600 1
11524758 0
11528574 1
11530647 0
11534587 1
11544752 0
11548586 1
11550677 0
11554613 1
11564772 0
11568621 1
11570685 0
11574620 1
11584778 0
11588603 1
11590690 0
11594602 1
11604798 0
11608687 1
11610688 0
11614624 1
11624783 0
11628702 1
11630695 0
11634630 1
11644812 0
11648708 1
11650701 0
11654652 1
11664803 0
11668852 1
11670727 0
11674643 1
11684800 0
11688791 1
11690704 0
11694639 1
11704830 0
11708866 1
11710709 0
11714653 1
11724823 0
11728782 1
11730728 0
11734663 1
11744822 0
11748788 1
11750758 0
11754669 1
11764852 0
11768921 1
11770737 0
11774689 1
11784851 0
11788841 1
11790763 0
11794675 1
11804857 0
11808917 1
11810745 0
11814680 1
11824863 0
11828762 1
11830770 0
11834678 1
11844862 0
11848758 1
11850775 0
11854690 1
11864849 0
11868862 1
11870761 0
11874720 1
11884878 0
11888893 1
11890776 0
11894704 1
11904867 0
11908834 1
11910780 0
11914715 1
11924872 0
11928769 1
11930785 0
11934744 1
11944902 0
11948860 1
11950791 0
11954709 1
11964925 0
11968892 1
11970806 0
11974740 1
11984906 0
11988849 1
11990833 0
11994745 1
12004936 0
12008990 1
12010802 0
12014749 1
12024907 0
12028922 1
12030820 0
12034756 1
12044938 0
12048929 1
12050827 0
12054763 1
12064920 0
12068918 1
12070825 0
12074749 1
12084931 0
12088992 1
12090844 0
12094826 1
12104913 0
12108997 1
12110849 0
12114784 1
12124957 0
12128808 1
12130829 0
12134764 1
12144922 0
12148817 1
12150858 0
12154793 1
12164975 0
12169097 1
12170845 0
12174756 1
12184976 0
12189146 1
12190851 0
12194786 1
12204991 0
12209032 1
12210883 0
12214795 1
12224976 0
12229084 1
12230889 0
12234801 1
12244994 0
12249024 1
12250871 0
12254810 1
12264993 0
12269086 1
12270904 0
12274816 1
12284998 0
12289045 1
12290887 0
12294841 1
12305011 0
12309084 1
12310889 0
12314824 1
12325005 0
12329020 1
12330918 0
12334854 1
12345011 0
12349121 1
12350902 0
12354851 1
12365022 0
12369144 1
12370916 0
12374851 1
12385019 0
12389127 1
12390926 0
12394861 1
12405052 0
12409114 1
12410942 0
12414851 1
12425036 0
12429130 1
12430925 0
12434860 1
12445065 0
12449182 1
12450954 0
12454866 1
12465072 0
12469260 1
12470952 0
12474877 1
12485061 0
12489243 1
12490953 0
12494889 1
12505069 0
12509153 1
12510958 0
12514893 1
12525074 0
12529182 1
12530977 0
12534880 1
12545066 0
12549056 1
12550978 0
12554889 1
12560436 0
12560999 1
12565092 0
12568964 1
12570981 0
12574900 1
12585066 0
12588997 1
12590981 0
12594916 1
12605084 0
12608996 1
12610989 0
12614924 1
12625058 0
12628955 1
12630996 0
12634945 1
12645101 0
12649079 1
12650973 0
12654941 1
12665099 0
12669067 1
12671004 0
12674940 1
12685107 0
12689120 1
12691010 0
12694963 1
12705114 0
12709069 1
12711015 0
12714954 1
12725136 0
12729056 1
12731025 0
12734961 1
12745094 0
12749038 1
12751062 0
12754971 1
12765156 0
12769217 1
12771022 0
12774981 1
12785140 0
12789059 1
12791029 0
12794964 1
12805144 0
12809088 1
12811072 0
12814987 1
12825148 0
12829067 1
12831036 0
12834995 1
12845153 0
12849049 1
12851066 0
12854977 1
12865159 0
12869208 1
12871094 0
12875011 1
12885172 0
12889161 1
12891060 0
12894995 1
12905153 0
12909166 1
12911065 0
12915000 1
12925181 0
12975026 1
12985202 0
12989181 1
12991103 0
12995042 1
13005199 0
13009212 1
13011111 0
13015046 1
13025203 0
13029123 1
13031116 0
13035044 1
13045182 0
13049172 1
13051118 0
13055054 1
13065210 0
13069248 1
13071100 0
13075058 1
13085238 0
13089276 1
13091146 0
13095065 1
13105226 0
13109248 1
13111138 0
13115074 1
13125230 0
13129196 1
13131119 0
13135082 1
13145263 0
13149224 1
13151140 0
13155087 1
13165225 0
13169263 1
13171138 0
13175096 1
13185258 0
13189389 1
13191147 0
13195105 1
13205287 0
13209359 1
13211169 0
13215092 1
13225274 0
13229216 1
13231186 0
13235121 1
13245278 0
13249221 1
13251157 0
13255092 1
13265282 0
13269265 1
13271187 0
13275111 1
13285273 0
13289240 1
13291209 0
13295120 1
13305278 0
13309197 1
13311167 0
13315102 1
13325303 0
13329221 1
13331194 0
13335130 1
13345286 0
13349254 1
13351200 0
13355134 1
13365316 0
13369306 1
13371204 0
13375139 1
13385308 0
13389358 1
13391204 0
13395140 1
13405297 0
13409287 1
13411214 0
13415149 1
13425331 0
13429251 1
13431220 0
13435132 1
13445332 0
13449244 1
13451241 0
13455153 1
13465311 0
13469329 1
13471228 0
13475163 1
13485346 0
13489360 1
13491235 0
13495165 1
13505340 0
13509366 1
13511256 0
13515191 1
13525329 0
13529305 1
13531242 0
13535177 1
13545358 0
13549381 1
13551248 0
13555195 1
13565380 0
13569438 1
13571257 0
13575191 1
13585377 0
13589565 1
13591266 0
13595202 1
13605382 0
13609546 1
13611267 0
13615199 1
13625365 0
13629473 1
13631277 0
13635212 1
13645394 0
13649526 1
13651274 0
13655210 1
13665400 0
13669508 1
13671299 0
13675208 1
13685393 0
13689486 1
13691305 0
13695240 1
13705421 0
13709388 1
13711287 0
13715203 1
13725407 0
13729326 1
13731310 0
13735238 1
13745375 0
13749196 1
13751315 0
13755250 1
13765407 0
13769421 1
13771319 0
13775254 1
13785435 0
13789490 1
13791318 0
13795241 1
13805423 0
13809394 1
13811340 0
13815276 1
13825435 0
13829332 1
13831325 0
13835236 1
13845442 0
13849286 1
13851343 0
13855270 1
13865428 0
13869323 1
13871364 0
13875275 1
13885457 0
13889423 1
13891345 0
13895257 1
13905463 0
13909393 1
13911368 0
13915282 1
13925450 0
13929417 1
13931377 0
13935289 1
13945480 0
13949424 1
13951361 0
13955272 1
13965501 0
13969405 1
13971378 0
13975313 1
13985449 0
13989532 1
13991384 0
13995319 1
14005482 0
14009520 1
14011371 0
14015330 1
14025507 0
14029424 1
14031397 0
14035332 1
14045467 0
14049386 1
14051379 0
14055337 1
14065494 0
14069508 1
14071406 0
14075309 1
14085535 0
14089566 1
14091413 0
14095348 1
14105505 0
14109529 1
14111418 0
14115354 1
14125511 0
14129430 1
14131400 0
14135379 1
14145521 0
14149334 1
14151422 0
14155357 1
14165538 0
14169480 1
14171449 0
14175385 1
14185544 0
14189557 1
14191432 0
14195388 1
14205559 0
14209486 1
14211432 0
14215367 1
14225526 0
14229423 1
14231463 0
14235398 1
14245555 0
14249358 1
14251456 0
14255380 1
14265541 0
14269394 1
14271457 0
14275392 1
14285574 0
14289738 1
14291486 0
14295398 1
14305580 0
14309815 1
14311493 0
14315393 1
14325588 0
14329721 1
14331469 0
14335404 1
14345594 0
14349704 1
14351499 0
14355411 1
14365592 0
14369723 1
14371492 0
14375412 1
14385605 0
14389760 1
14391486 0
14395422 1
14405613 0
14409721 1
14411517 0
14415428 1
14425608 0
14429572 1
14431514 0
14435415 1
14445599 0
14449542 1
14451511 0
14455446 1
14465604 0
14469594 1
14471540 0
14475451 1
14485632 0
14489743 1
14491524 0
14495447 1
14505632 0
14509623 1
14511522 0
14515457 1
14525614 0
14529698 1
14531550 0
14535461 1
14545642 0
14549674 1
14551534 0
14555458 1
14565663 0
14569854 1
14571555 0
14575467 1
14585672 0
14589931 1
14591538 0
14595473 1
14605691 0
14609986 1
14611573 0
14615485 1
14625689 0
14629996 1
14631579 0
14635490 1
14645670 0
14649952 1
14651583 0
14655498 1
14665724 0
14670074 1
14671581 0
14675493 1
14685706 0
14690004 1
14691587 0
14695499 1
14705704 0
14709775 1
14711598 0
14715509 1
14725710 0
14729674 1
14731601 0
14735512 1
14745717 0
14749731 1
14751606 0
14755541 1
14765699 0
14769807 1
14771639 0
14775538 1
14785729 0
14789999 1
14791610 0
14795546 1
14805727 0
14809930 1
14811640 0
14815543 1
14825733 0
14829771 1
14831637 0
14884591 1
14885721 0
14889865 1
14891669 0
14895581 1
14905739 0
14909848 1
14911629 0
14915564 1
14925768 0
14929852 1
14931664 0
14935583 1
14945772 0
14949772 1
14951685 0
14955596 1
14965778 0
14969918 1
14971666 0
14975578 1
14985785 0
14989949 1
14991690 0
14995591 1
15005803 0
15009990 1
15011691 0
15015627 1
15025785 0
15029870 1
15031698 0
15035610 1
15045814 0
15049846 1
15051705 0
15055628 1
15065819 0
15069834 1
15071723 0
15075611 1
15085816 0
15089981 1
15091682 0
15095618 1
15105822 0
15109955 1
15111704 0
15115628 1
15125832 0
15129893 1
15131745 0
15135633 1
15145813 0
15149827 1
15151726 0
15155637 1
15165841 0
15169941 1
15171731 0
15175645 1
15185836 0
15190014 1
15191771 0
15195650 1
15205865 0
15209927 1
15211749 0
15215661 1
15225863 0
15229780 1
15231754 0
15235665 1
15245846 0
15249813 1
15251782 0
15255670 1
15265853 0
15269938 1
15271789 0
15275701 1
15285894 0
15289967 1
15291780 0
15295692 1
15305897 0
15310132 1
15311786 0
15315698 1
15325879 0
15329892 1
15331791 0
15335727 1
15345905 0
15349912 1
15351782 0
15355717 1
15365921 0
15370062 1
15371810 0
15375722 1
15385903 0
15389922 1
15391820 0
15395755 1
15405929 0
15410072 1
15411806 0
15415718 1
15425922 0
15429960 1
15431835 0
15435746 1
15445904 0
15449918 1
15451840 0
15455759 1
15465923 0
15470122 1
15471823 0
15475759 1
15485940 0
15490199 1
15491853 0
15495741 1
15505946 0
15510064 1
15511880 0
15515765 1
15525951 0
15529970 1
15531845 0
15535780 1
15545962 0
15549999 1
15551874 0
15555786 1
15565968 0
15570122 1
15571899 0
15575798 1
15585982 0
15590367 1
15591851 0
15595787 1
15605992 0
15610251 1
15611881 0
15615793 1
15625998 0
15630115 1
15631898 0
15635803 1
15645988 0
15650072 1
15651900 0
15655812 1
15666016 0
15670204 1
15671906 0
15675817 1
15686000 0
15690296 1
15691932 0
15695822 1
15706013 0
15710145 1
15711893 0
15715828 1
15726018 0
15730103 1
15731926 0
15735837 1
15746019 0
15750038 1
15751944 0
15755844 1
15766026 0
15770167 1
15771967 0
15775854 1
15786059 0
15790002 1
15791948 0
15795884 1
15806065 0
15810222 1
15811951 0
15815879 1
15826038 0
15830122 1
15831941 0
15835853 1
15846067 0
15850128 1
15851947 0
15855882 1
15866090 0
15870242 1
15871971 0
15875906 1
15886088 0
15890346 1
15892000 0
15895889 1
15906096 0
15910166 1
15911961 0
15915897 1
15926101 0
15930108 1
15931987 0
15935922 1
15946105 0
15950284 1
15951994 0
15955929 1
15966134 0
15970827 1
15971991 0
15975930 1
15986131 0
15990422 1
15992009 0
15995944 1
16006150 0
16010503 1
16011996 0
16015931 1
16026137 0
16030396 1
16032002 0
16035958 1
16046149 0
16050420 1
16052027 0
16055962 1
16066167 0
16070689 1
16072013 0
16075948 1
16086159 0
16090598 1
16092031 0
16095963 1
16106159 0
16110458 1
16112042 0
16115978 1
16126160 0
16130419 1
16132073 0
16135985 1
16146189 0
16150495 1
16152065 0
16155982 1
16166176 0
16170647 1
16172061 0
16175996 1
16186211 0
16190848 1
16192068 0
16196004 1
16206242 0
16210571 1
16212072 0
16215996 1
16226204 0
16230486 1
16232093 0
16236005 1
16246209 0
16250492 1
16252099 0
16256010 1
16266214 0
16270472 1
16272097 0
16276025 1
16286234 0
16291021 1
16292067 0
16296027 1
16306239 0
16310738 1
16312124 0
16316036 1
16326250 0
16330544 1
16332127 0
16336031 1
16346236 0
16350541 1
16352125 0
16356060 1
16366263 0
16370719 1
16372152 0
16376063 1
16386270 0
16391006 1
16392117 0
16396041 1
16406291 0
16410889 1
16412133 0
16416068 1
16426273 0
16430579 1
16432163 0
16436098 1
16446279 0
16450564 1
16452154 0
16456078 1
16466283 0
16470762 1
16472148 0
16476084 1
16486289 0
16490911 1
16492182 0
16496118 1
16506339 0
16510776 1
16512175 0
16516114 1
16526320 0
16530626 1
16532186 0
16536121 1
16546326 0
16550608 1
16552191 0
16556126 1
16566349 0
16570816 1
16572182 0
16576094 1
16586345 0
16591061 1
16592188 0
16596123 1
16606352 0
16610855 1
16612221 0
16616180 1
16626334 0
16630636 1
16632246 0
16636158 1
16646340 0
16650551 1
16652233 0
16656145 1
16666373 0
16670972 1
16672240 0
16676187 1
16686377 0
16691128 1
16692222 0
16696157 1
16706394 0
16710960 1
16712228 0
16716163 1
16726399 0
16730708 1
16732259 0
16783547 1
16786419 0
16791174 1
16792277 0
16796212 1
16806418 0
16810841 1
16812283 0
16816218 1
16826425 0
16830750 1
16832286 0
16836210 1
16846415 0
16850574 1
16852284 0
16856220 1
16866426 0
16870440 1
16872315 0
16876226 1
16886432 0
16890483 1
16892342 0
16896242 1
16906447 0
16910639 1
16912317 0
16916229 1
16926434 0
16930458 1
16932324 0
16936259 1
16946449 0
16950437 1
16952340 0
16956251 1
16966432 0
16970596 1
16972321 0
16976256 1
16986460 0
16990648 1
16992349 0
16996261 1
17006480 0
17010670 1
17012360 0
17016296 1
17026455 0
17030321 1
17032361 0
17036273 1
17046486 0
17050453 1
17052366 0
17056301 1
17066481 0
17070641 1
17072393 0
17076305 1
17086510 0
17090816 1
17092375 0
17096290 1
17106496 0
17110779 1
17112386 0
17116331 1
17126521 0
17130593 1
17132398 0
17136333 1
17146490 0
17150597 1
17152402 0
17156314 1
17166518 0
17170697 1
17172408 0
17176334 1
17186547 0
17190832 1
17192415 0
17196354 1
17206559 0
17210889 1
17212425 0
17216337 1
17226527 0
17230644 1
17232440 0
17236353 1
17246538 0
17250600 1
17252451 0
17256362 1
17266544 0
17270723 1
17272456 0
17276345 1
17286550 0
17290752 1
17292447 0
17296370 1
17306565 0
17310816 1
17312470 0
17316381 1
17326596 0
17330845 1
17332452 0
17336363 1
17346568 0
17350875 1
17352476 0
17356381 1
17366590 0
17371118 1
17372480 0
17376392 1
17386619 0
17391360 1
17392462 0
17396398 1
17406627 0
17411021 1
17412503 0
17416406 1
17426610 0
17430868 1
17432498 0
17436434 1
17446639 0
17450865 1
17452528 0
17456431 1
17466646 0
17471127 1
17472521 0
17476421 1
17486626 0
17491058 1
17492515 0
17496450 1
17506655 0
17511013 1
17512549 0
17516436 1
17526641 0
17530846 1
17532536 0
17536436 1
17546641 0
17550820 1
17552530 0
17556465 1
17566669 0
17570881 1
17572559 0
17576475 1
17586670 0
17590874 1
17592532 0
17596467 1
17606706 0
17610908 1
17612562 0
17616473 1
17626679 0
17630753 1
17632572 0
17636507 1
17646694 0
17650809 1
17652561 0
17656473 1
17666679 0
17670848 1
17672572 0
17676507 1
17686712 0
17690995 1
17692602 0
17696513 1
17706734 0
17711199 1
17712602 0
17716504 1
17726718 0
17730944 1
17732598 0
17736510 1
17746724 0
17750974 1
17752604 0
17756557 1
17766734 0
17771076 1
17772635 0
17776547 1
17786753 0
17791209 1
17792619 0
17796530 1
17806756 0
17811085 1
17812636 0
17816558 1
17826744 0
17831016 1
17832646 0
17836558 1
17846764 0
17850999 1
17852633 0
17856568 1
17866773 0
17871222 1
17872658 0
17876567 1
17886780 0
17891449 1
17892646 0
17896582 1
17906786 0
17911211 1
17912652 0
17916588 1
17926793 0
17931122 1
17932673 0
17936601 1
17946787 0
17951046 1
17952652 0
17956588 1
17966816 0
17971342 1
17972657 0
17976593 1
17986821 0
17991537 1
17992789 0
17996615 1
18006826 0
18011353 1
18012715 0
18016627 1
18026831 0
18031207 1
18032696 0
18036608 1
18046813 0
18051137 1
18052705 0
18056652 1
18066832 0
18071280 1
18072746 0
18076649 1
18086862 0
18091601 1
18092695 0
18096658 1
18106870 0
18111426 1
18112715 0
18116662 1
18126845 0
18131150 1
18132733 0
18136668 1
18146850 0
18151085 1
18152739 0
18156675 1
18166881 0
18171439 1
18172739 0
18176662 1
18186892 0
18191654 1
18192734 0
18196692 1
18206898 0
18211298 1
18212787 0
18216699 1
18226898 0
18231225 1
18232756 0
18236692 1
18246898 0
18251180 1
18252787 0
18256699 1
18266881 0
18271046 1
18272770 0
18276682 1
18286924 0
18291683 1
18292766 0
18296702 1
18306908 0
18311403 1
18312797 0
18316732 1
18326936 0
18331290 1
18332826 0
18336737 1
18346918 0
18351193 1
18352803 0
18356738 1
18366930 0
18371496 1
18372810 0
18376746 1
18386959 0
18391646 1
18392820 0
18396763 1
18406952 0
18411397 1
18412806 0
18416741 1
18426944 0
18431298 1
18432834 0
18436769 1
18446974 0
18451232 1
18452862 0
18456767 1
18466961 0
18471538 1
18472838 0
18476773 1
18487002 0
18491670 1
18492835 0
18496802 1
18506985 0
18511527 1
18512856 0
18516784 1
18526994 0
18531276 1
18532859 0
18536771 1
18546976 0
18551234 1
18552864 0
18556800 1
18567005 0
18571509 1
18572905 0
18576802 1
18587033 0
18591654 1
18592875 0
18596810 1
18607039 0
18611514 1
18612885 0
18616820 1
18627025 0
18631308 1
18687062 0
18691564 1
18692930 0
18696841 1
18707071 0
18711672 1
18712893 0
18716828 1
18727055 0
18731337 1
18732920 0
18736862 1
18747054 0
18751268 1
18752946 0
18756881 1
18767071 0
18771404 1
18772931 0
18776843 1
18787080 0
18791740 1
18792938 0
18796885 1
18807095 0
18811802 1
18812929 0
18816888 1
18827069 0
18831446 1
18832959 0
18836895 1
18847100 0
18851407 1
18852985 0
18856897 1
18867106 0
18871625 1
18872972 0
18876907 1
18887113 0
18891852 1
18892946 0
18896913 1
18907142 0
18911999 1
18913255 0
18916903 1
18927119 0
18931481 1
18933008 0
18936920 1
18947101 0
18951431 1
18953014 0
18956926 1
18967107 0
18971461 1
18973015 0
18976923 1
18987133 0
18991485 1
18993021 0
18996933 1
19007163 0
19011832 1
19012982 0
19016942 1
19027147 0
19031531 1
19033029 0
19036944 1
19047159 0
19051586 1
19053042 0
19056954 1
19067168 0
19071639 1
19073024 0
19076959 1
19087174 0
19091630 1
19093028 0
19096963 1
19107168 0
19111569 1
19113058 0
19116970 1
19127177 0
19131481 1
19133088 0
19136976 1
19147193 0
19151413 1
19153047 0
19156987 1
19167192 0
19171544 1
19173080 0
19176992 1
19187198 0
19191787 1
19193087 0
19196990 1
19207222 0
19211570 1
19213078 0
19216989 1
19227219 0
19231572 1
19233084 0
19237020 1
19247201 0
19251459 1
19253089 0
19257025 1
19267248 0
19271594 1
19273087 0
19277026 1
19287231 0
19291875 1
19293073 0
19297032 1
19307237 0
19311755 1
19313079 0
19317052 1
19327241 0
19331580 1
19333108 0
19337043 1
19347257 0
19351459 1
19353137 0
19357048 1
19367231 0
19371564 1
19373123 0
19377053 1
19387266 0
19391700 1
19393118 0
19397053 1
19407259 0
19411902 1
19413146 0
19417082 1
19427287 0
19431550 1
19433133 0
19437089 1
19447263 0
19451560 1
19453134 0
19457069 1
19467282 0
19471847 1
19473162 0
19477097 1
19487286 0
19491874 1
19493200 0
19497092 1
19507306 0
19511762 1
19513171 0
19517083 1
19527289 0
19531581 1
19533178 0
19537097 1
19547313 0
19551561 1
19553209 0
19557114 1
19567325 0
19571633 1
19573169 0
19577104 1
19587311 0
19591839 1
19593201 0
19597136 1
19607343 0
19611791 1
19613228 0
19617137 1
19627323 0
19631650 1
19633187 0
19637122 1
19647327 0
19651613 1
19653220 0
19657155 1
19667361 0
19671836 1
19673207 0
19677135 1
19687365 0
19691985 1
19693205 0
19697141 1
19707346 0
19711872 1
19713234 0
19717170 1
19727373 0
19731743 1
19733216 0
19737163 1
19747369 0
19751649 1
19753232 0
19757168 1
19767375 0
19771777 1
19773243 0
19777178 1
19787404 0
19792119 1
19793244 0
19797179 1
19807395 0
19811816 1
19813273 0
19817184 1
19827397 0
19831622 1
19833277 0
19837212 1
19847414 0
19851698 1
19853261 0
19857197 1
19867401 0
19871752 1
19873264 0
19877200 1
19887405 0
19891907 1
19893292 0
19897204 1
19907447 0
19911653 1
19913311 0
19917223 1
19927427 0
19931802 1
19933291 0
19937226 1
19947431 0
19951759 1
19953295 0
19957250 1
19967447 0
19971908 1
19973293 0
19977228 1
19987433 0
19992005 1
19993296 0
19997232 1
20007436 0
20011961 1
20013323 0
20017270 1
20027456 0
20031772 1
20033355 0
20037242 1
20047445 0
20051772 1
20053331 0
20057243 1
20067445 0
20071890 1
20073331 0
20077280 1
20087466 0
20092064 1
20093308 0
20097275 1
20107504 0
20112022 1
20113336 0
20117271 1
20127464 0
20131838 1
20133393 0
20137296 1
20147479 0
20151762 1
20153393 0
20157281 1
20167485 0
20171860 1
20173372 0
20177283 1
20187486 0
20192106 1
20193381 0
20197297 1
20207506 0
20212103 1
20213398 0
20217309 1
20227512 0
20231816 1
20233399 0
20237310 1
20247514 0
20251795 1
20253419 0
20257295 1
20267537 0
20271864 1
20273414 0
20277326 1
20287541 0
20292079 1
20293394 0
20297329 1
20307545 0
20311790 1
20313409 0
20317332 1
20327537 0
20331911 1
20333427 0
20337338 1
20347542 0
20351869 1
20353405 0
20357339 1
20367542 0
20372001 1
20373427 0
20377350 1
20387577 0
20392139 1
20393406 0
20397341 1
20407577 0
20411928 1
20413431 0
20417346 1
20427570 0
20431906 1
20433445 0
20437380 1
20447560 0
20451887 1
20453451 0
20457362 1
20467566 0
20471917 1
20473453 0
20477388 1
20487586 0
20492465 1
20493406 0
20497388 1
20507593 0
20512108 1
20513432 0
20517390 1
20527594 0
20531968 1
20533456 0
20537392 1
20587635 0
20592121 1
20593487 0
20597402 1
20607627 0
20612025 1
20613489 0
20617401 1
20627605 0
20631886 1
20633492 0
20637427 1
20647639 0
20651879 1
20653509 0
20657421 1
20667631 0
20671983 1
20673510 0
20677421 1
20687656 0
20692393 1
20693651 0
20697448 1
20707657 0
20712134 1
20713519 0
20717435 1
20727660 0
20732279 1
20733546 0
20737457 1
20747662 0
20751894 1
20753583 0
20757463 1
20767674 0
20772072 1
20773537 0
20777471 1
20787675 0
20792364 1
20793537 0
20797472 1
20807700 0
20812145 1
20813557 0
20817476 1
20827691 0
20832015 1
20833545 0
20837480 1
20847691 0
20851982 1
20853565 0
20857500 1
20867679 0
20872128 1
20873577 0
20877476 1
20887727 0
20892323 1
20893567 0
20897503 1
20907706 0
20912207 1
20913592 0
20917504 1
20927734 0
20932049 1
20933589 0
20937512 1
20947715 0
20951949 1
20953579 0
20957514 1
20967717 0
20972067 1
20973603 0
20977537 1
20987733 0
20992384 1
20993584 0
20997520 1
21007770 0
21012367 1
21013567 0
21017526 1
21027732 0
21032055 1
21033638 0
21037549 1
21047744 0
21052020 1
21053607 0
21057546 1
21067773 0
21072243 1
21073613 0
21077548 1
21087752 0
21092320 1
21093611 0
21097547 1
21107759 0
21112124 1
21113631 0
21117546 1
21127782 0
21132062 1
21133660 0
21137571 1
21147763 0
21151893 1
21153664 0
21157570 1
21167782 0
21172046 1
21173676 0
21177587 1
21187790 0
21192310 1
21193648 0
21197583 1
21207792 0
21212246 1
21213678 0
21217608 1
21227781 0
21232117 1
21233676 0
21237588 1
21247794 0
21252064 1
21253684 0
21257596 1
21267824 0
21272348 1
21273711 0
21277638 1
21287823 0
21292364 1
21293678 0
21297614 1
21307843 0
21312415 1
21313682 0
21317617 1
21327822 0
21332146 1
21333726 0
21337649 1
21347818 0
21352146 1
21353720 0
21357631 1
21367850 0
21372201 1
21373704 0
21377639 1
21387842 0
21392635 1
21393920 0
21397670 1
21407857 0
21412231 1
21413747 0
21417659 1
21427863 0
21432214 1
21433726 0
21437661 1
21447865 0
21452121 1
21453765 0
21457669 1
21467877 0
21472345 1
21473763 0
21477666 1
21487879 0
21492446 1
21493737 0
21497672 1
21507885 0
21512325 1
21513766 0
21517690 1
21527893 0
21532101 1
21533802 0
21537690 1
21547917 0
21551961 1
21553780 0
21557692 1
21567917 0
21572310 1
21573787 0
21577687 1
21587917 0
21592465 1
21593780 0
21597716 1
21607921 0
21612342 1
21613784 0
21617720 1
21627934 0
21632226 1
21633804 0
21637741 1
21647908 0
21652235 1
21653809 0
21657721 1
21667934 0
21672206 1
21673812 0
21677725 1
21687945 0
21692438 1
21693828 0
21697741 1
21707968 0
21712295 1
21713811 0
21717748 1
21727949 0
21732133 1
21733833 0
21737747 1
21747967 0
21752141 1
21753855 0
21757773 1
21767952 0
21772232 1
21773838 0
21777774 1
21787975 0
21792326 1
21793830 0
21797780 1
21807970 0
21812333 1
21813869 0
21817782 1
21827986 0
21832125 1
21833873 0
21837786 1
21847968 0
21852272 1
21853855 0
21857790 1
21868000 0
21872386 1
21873874 0
21877811 1
21888017 0
21892587 1
21893902 0
21897796 1
21908024 0
21912512 1
21913883 0
21917817 1
21928011 0
21932318 1
21933900 0
21937837 1
21948019 0
21952587 1
21953926 0
21957815 1
21968020 0
21972372 1
21973919 0
21977821 1
21988031 0
21992434 1
21993922 0
21997836 1
22008064 0
22012705 1
22013902 0
22017863 1
22028064 0
22032365 1
22033943 0
22037853 1
22048059 0
22052385 1
22053944 0
22057857 1
22068061 0
22072503 1
22073948 0
22077853 1
22088067 0
22092700 1
22094024 0
22097854 1
22108061 0
22112559 1
22113948 0
22117884 1
22128089 0
22132416 1
22133976 0
22137889 1
22148071 0
22152363 1
22153954 0
22157880 1
22168085 0
22172552 1
22173970 0
22177907 1
22188111 0
22192535 1
22194001 0
22197891 1
22208142 0
22212779 1
22213976 0
22217901 1
22228106 0
22232433 1
22233992 0
22237906 1
22248112 0
22252413 1
22254020 0
22257932 1
22268128 0
22272473 1
22274036 0
22277926 1
22288159 0
22292869 1
22293972 0
22297933 1
22308134 0
22312601 1
22314019 0
22317956 1
22328149 0
22332442 1
22334029 0
22337942 1
22348148 0
22352474 1
22354034 0
22357971 1
22368158 0
22372575 1
22374011 0
22377948 1
22388186 0
22392833 1
22394034 0
22397970 1
22408183 0
22412729 1
22414044 0
22417981 1
22428192 0
22432513 1
22434072 0
22483381 1
22488195 0
22492575 1
22494091 0
22498005 1
22508212 0
22512675 1
22514069 0
22517982 1
22528194 0
22532516 1
22534075 0
22538033 1
22548221 0
22552474 1
22554104 0
22558018 1
22568213 0
22572534 1
22574084 0
22578022 1
22588239 0
22592612 1
22594106 0
22598035 1
22608250 0
22612744 1
22614130 0
22618043 1
22628254 0
22632552 1
22634088 0
22638048 1
22648257 0
22652554 1
22654124 0
22658054 1
22668246 0
22672708 1
22674150 0
22678063 1
22688276 0
22693030 1
22694132 0
22698070 1
22708300 0
22712913 1
22714175 0
22718064 1
22728277 0
22732630 1
22734157 0
22738094 1
22748277 0
22752574 1
22754181 0
22758094 1
22768281 0
22772790 1
22774145 0
22778117 1
22788302 0
22792693 1
22794182 0
22798095 1
22808306 0
22812746 1
22814187 0
22818100 1
22828311 0
22832593 1
22834184 0
22838109 1
22848317 0
22852614 1
22854197 0
22858135 1
22868324 0
22872645 1
22874228 0
22878132 1
22888364 0
22892871 1
22894194 0
22898130 1
22908339 0
22912787 1
22914219 0
22918133 1
22928342 0
22932639 1
22934222 0
22938135 1
22948359 0
22952681 1
22954197 0
22958134 1
22968366 0
22972831 1
22974234 0
22978149 1
22988360 0
22992996 1
22994217 0
22998184 1
23008373 0
23012865 1
23014254 0
23018174 1
23028357 0
23032725 1
23034237 0
23038181 1
23048384 0
23052681 1
23054264 0
23058201 1
23068387 0
23072720 1
23074270 0
23078190 1
23088378 0
23092770 1
23094273 0
23098193 1
23108408 0
23113012 1
23114279 0
23118218 1
23128401 0
23132757 1
23134269 0
23138212 1
23148393 0
23152691 1
23154297 0
23158215 1
23168423 0
23172674 1
23174304 0
23178232 1
23188444 0
23193456 1
23194266 0
23198209 1
23208438 0
23212901 1
23214295 0
23218241 1
23228421 0
23232695 1
23234345 0
23238253 1
23248437 0
23252640 1
23254317 0
23258236 1
23268466 0
23273032 1
23274322 0
23278242 1
23288472 0
23293353 1
23294612 0
23298275 1
23308484 0
23313027 1
23314341 0
23318261 1
23328464 0
23332667 1
23334345 0
23338265 1
23348468 0
23352695 1
23354363 0
23358294 1
23368487 0
23372835 1
23374385 0
23378257 1
23388485 0
23392980 1
23394366 0
23398286 1
23408490 0
23413145 1
23414374 0
23418306 1
23428488 0
23432833 1
23434369 0
23438311 1
23448496 0
23452746 1
23454376 0
23458296 1
23468502 0
23472933 1
23474394 0
23478294 1
23488533 0
23493240 1
23494381 0
23498324 1
23508539 0
23513095 1
23514390 0
23518310 1
23528529 0
23532882 1
23534422 0
23538318 1
23548523 0
23552750 1
23554427 0
23558324 1
23568529 0
23572920 1
23574409 0
23578328 1
23588547 0
23593633 1
23594400 0
23598344 1
23608549 0
23612988 1
23614429 0
23618349 1
23628553 0
23632898 1
23634434 0
23638354 1
23648550 0
23652788 1
23654446 0
23658364 1
23668578 0
23672994 1
23674473 0
23678368 1
23688550 0
23693068 1
23694453 0
23698380 1
23708570 0
23712950 1
23714462 0
23718381 1
23728586 0
23732907 1
23734443 0
23738363 1
23748569 0
23752796 1
23754473 0
23758407 1
23768598 0
23772860 1
23774490 0
23778386 1
23788592 0
23792913 1
23794473 0
23798383 1
23808596 0
23812837 1
23814499 0
23818428 1
23828584 0
23832728 1
23834500 0
23838420 1
23848578 0
23852663 1
23854486 0
23858405 1
23868610 0
23872743 1
23874522 0
23878434 1
23888620 0
23892846 1
23894523 0
23898420 1
23908623 0
23912751 1
23914484 0
23918427 1
23928631 0
23932707 1
23934531 0
23938439 1
23948627 0
23952712 1
23954531 0
23958451 1
23968654 0
23972811 1
23974535 0
23978454 1
23988635 0
23992839 1
23994555 0
23998451 1
24008634 0
24012735 1
24014566 0
24018462 1
24028643 0
24032672 1
24034547 0
24038466 1
24048669 0
24052730 1
24054546 0
24058468 1
24068659 0
24072783 1
24074590 0
24078477 1
24088668 0
24092909 1
24094563 0
24098482 1
24108695 0
24112889 1
24114575 0
24118486 1
24128669 0
24132895 1
24134596 0
24138492 1
24148696 0
24152970 1
24154576 0
24158496 1
24168715 0
24172868 1
24174582 0
24178527 1
24188689 0
24192930 1
24194584 0
24198504 1
24208693 0
24212887 1
24214587 0
24218507 1
24228729 0
24232799 1
24234602 0
24238522 1
24248728 0
24253049 1
24254632 0
24258528 1
24268709 0
24272888 1
24274612 0
24278531 1
24288754 0
24292907 1
24294635 0
24298530 1
24308734 0
24313008 1
24314614 0
24318558 1
24328741 0
24332864 1
24334621 0
24386055 1
24388763 0
24393294 1
24394632 0
24398552 1
24408781 0
24413219 1
24414637 0
24418580 1
24428784 0
24433176 1
24434663 0
24438570 1
24448762 0
24453060 1
24454658 0
24458578 1
24468790 0
24473088 1
24474685 0
24478605 1
24488795 0
24493376 1
24494655 0
24498590 1
24508822 0
24513341 1
24514679 0
24518598 1
24528802 0
24533171 1
24534683 0
24538601 1
24548806 0
24553144 1
24554676 0
24558608 1
24568811 0
24573250 1
24574691 0
24578610 1
24588816 0
24593453 1
24594697 0
24598608 1
24608845 0
24613342 1
24614684 0
24618615 1
24628823 0
24633097 1
24634703 0
24638622 1
24648826 0
24653100 1
24654731 0
24658626 1
24668852 0
24673217 1
24674733 0
24678629 1
24688834 0
24693557 1
24694719 0
24698642 1
24708871 0
24713460 1
24714728 0
24718648 1
24728870 0
24733168 1
24734731 0
24738651 1
24748855 0
24753156 1
24754740 0
24758659 1
24768864 0
24773209 1
24774768 0
24778664 1
24788878 0
24793502 1
24794726 0
24798669 1
24808875 0
24813465 1
24814756 0
24818699 1
24828878 0
24832940 1
24834758 0
24838692 1
24848878 0
24853211 1
24854747 0
24858689 1
24868894 0
24873309 1
24874775 0
24878699 1
24888904 0
24893658 1
24894737 0
24898695 1
24908921 0
24913593 1
24914781 0
24918700 1
24928913 0
24933328 1
24934784 0
24938727 1
24948921 0
24953242 1
24954817 0
24958744 1
24968934 0
24973347 1
24974803 0
24978722 1
24988926 0
24993562 1
24994783 0
24998729 1
25008957 0
25013452 1
25014856 0
25018741 1
25028925 0
25033222 1
25034805 0
25038725 1
25048929 0
25053250 1
25054833 0
25058729 1
25068935 0
25073284 1
25074837 0
25078725 1
25088935 0
25093623 1
25094819 0
25098763 1
25108967 0
25113721 1
25114824 0
25118767 1
25128972 0
25133293 1
25134860 0
25138752 1
25148961 0
25153305 1
25154841 0
25158759 1
25168991 0
25173453 1
25174871 0
25178766 1
25188948 0
25193699 1
25194825 0
25198779 1
25208992 0
25213502 1
25214864 0
25218784 1
25228966 0
25233343 1
25234850 0
25238793 1
25248974 0
25253289 1
25254869 0
25258778 1
25268982 0
25273374 1
25274886 0
25278805 1
25288985 0
25293495 1
25294869 0
25298812 1
25309023 0
25313525 1
25314867 0
25318810 1
25329000 0
25333322 1
25334895 0
25338818 1
25349007 0
25353295 1
25354879 0
25358798 1
25369023 0
25373341 1
25374904 0
25378825 1
25389029 0
25393981 1
25394886 0
25398853 1
25409058 0
25413623 1
25414894 0
25418813 1
25429032 0
25433447 1
25434897 0
25438839 1
25449045 0
25453390 1
25454925 0
25458835 1
25469049 0
25473464 1
25474920 0
25478851 1
25489068 0
25493786 1
25494889 0
25498855 1
25509064 0
25513795 1
25514921 0
25518840 1
25529069 0
25533413 1
25534949 0
25538863 1
25549053 0
25553339 1
25554945 0
25558865 1
25569069 0
25573460 1
25574972 0
25578868 1
25589073 0
25593677 1
25594954 0
25598883 1
25609079 0
25613543 1
25614952 0
25618895 1
25629100 0
25633374 1
25634981 0
25638878 1
25649084 0
25653404 1
25654980 0
25658869 1
25669101 0
25673541 1
25674982 0
25678878 1
25689105 0
25693789 1
25694962 0
25698905 1
25709110 0
25713841 1
25715100 0
25718901 1
25729119 0
25733411 1
25734994 0
25738914 1
25749097 0
25753417 1
25755024 0
25758896 1
25769124 0
25773501 1
25774996 0
25778908 1
25789117 0
25793777 1
25794998 0
25798917 1
25809147 0
25813736 1
25814979 0
25818921 1
25829125 0
25833524 1
25835022 0
25838929 1
25849111 0
25853436 1
25855019 0
25858930 1
25869119 0
25873417 1
25875015 0
25878934 1
25889170 0
25893771 1
25895023 0
25898958 1
25909163 0
25913847 1
25914996 0
25918962 1
25929167 0
25933512 1
25935024 0
25938943 1
25949162 0
25953488 1
25955052 0
25958971 1
25969153 0
25973638 1
25975009 0
25978952 1
25989180 0
25993911 1
25995008 0
25998984 1
26009196 0
26013770 1
26015065 0
26018961 1
26029167 0
26033515 1
26035027 0
26038971 1
26049176 0
26053473 1
26055056 0
26058976 1
26069199 0
26073588 1
26075081 0
26078977 1
26089182 0
26093503 1
26095066 0
26098986 1
26109190 0
26113534 1
26115070 0
26119004 1
26129200 0
26133453 1
26135116 0
26139003 1
26149194 0
26153247 1
26155069 0
26158990 1
26169195 0
26173129 1
26175099 0
26179028 1
26189173 0
26193167 1
26195117 0
26199013 1
26209193 0
26213175 1
26215097 0
26219017 1
26229197 0
26233108 1
26235101 0
26285807 1
26289217 0
26293211 1
26295133 0
26299029 1
26309209 0
26313238 1
26315160 0
26319055 1
26329241 0
26333247 1
26335128 0
26339044 1
26349229 0
26353399 1
26355136 0
26359055 1
26369261 0
26373652 1
26375141 0
26379051 1
26389265 0
26393868 1
26395146 0
26399074 1
26409273 0
26413696 1
26415161 0
26419082 1
26429262 0
26433629 1
26435142 0
26439086 1
26449265 0
26453551 1
26455168 0
26459076 1
26469258 0
26473320 1
26475138 0
26479058 1
26489288 0
26493901 1
26495145 0
26499088 1
26509292 0
26513826 1
26515181 0
26519087 1
26529297 0
26533595 1
26535201 0
26539097 1
26549277 0
26553550 1
26555180 0
26559099 1
26569313 0
26573678 1
26575186 0
26579106 1
26589319 0
26593998 1
26595171 0
26599113 1
26609351 0
26614153 1
26615152 0
26619118 1
26629343 0
26633634 1
26635197 0
26639117 1
26649321 0
26653595 1
26655201 0
26659144 1
26669347 0
26673715 1
26675204 0
26679123 1
26689367 0
26694079 1
26695200 0
26699144 1
26709359 0
26713987 1
26715207 0
26719126 1
26729338 0
26733683 1
26735234 0
26739161 1
26749352 0
26753638 1
26755244 0
26759163 1
26769367 0
26773692 1
26775228 0
26779147 1
26789352 0
26794082 1
26795208 0
26799169 1
26809386 0
26814011 1
26815232 0
26819176 1
26829380 0
26833748 1
26835237 0
26839157 1
26849362 0
26853683 1
26855266 0
26859201 1
26869362 0
26873750 1
26875230 0
26879173 1
26889401 0
26893778 1
26895258 0
26899177 1
26909382 0
26913807 1
26915275 0
26919206 1
26929391 0
26933645 1
26935275 0
26939171 1
26949398 0
26953767 1
26955279 0
26959198 1
26969402 0
26973723 1
26975277 0
26979212 1
26989419 0
26994198 1
26995267 0
26999210 1
27009423 0
27014111 1
27015251 0
27019217 1
27029431 0
27033776 1
27035320 0
27039212 1
27049419 0
27053717 1
27055276 0
27059219 1
27069423 0
27073772 1
27075307 0
27079227 1
27089433 0
27094125 1
27095330 0
27099238 1
27109442 0
27113905 1
27115299 0
27119241 1
27129444 0
27133789 1
27135325 0
27139244 1
27149426 0
27153762 1
27155345 0
27159253 1
27169457 0
27173778 1
27175338 0
27179257 1
27189463 0
27194151 1
27195348 0
27199268 1
27209487 0
27214219 1
27215325 0
27219268 1
27229473 0
27233992 1
27235330 0
27239273 1
27249478 0
27253823 1
27255362 0
27259259 1
27269474 0
27273839 1
27275350 0
27279270 1
27289484 0
27294192 1
27295356 0
27299275 1
27309513 0
27314164 1
27315337 0
27319303 1
27329501 0
27333862 1
27335355 0
27339274 1
27349479 0
27353875 1
27355363 0
27359306 1
27369513 0
27373787 1
27375393 0
27379306 1
27389508 0
27394181 1
27395368 0
27399287 1
27409552 0
27414354 1
27415353 0
27419319 1
27429533 0
27433830 1
27435404 0
27439332 1
27449522 0
27453807 1
27455394 0
27459313 1
27469518 0
27474036 1
27475398 0
27479318 1
27489546 0
27494451 1
27495403 0
27499341 1
27509558 0
27514207 1
27515408 0
27519327 1
27529532 0
27533947 1
27535436 0
27539355 1
27549536 0
27553858 1
27555455 0
27559343 1
27569557 0
27573934 1
27575414 0
27579333 1
27589561 0
27594222 1
27595442 0
27599339 1
27609568 0
27614157 1
27615480 0
27619341 1
27629573 0
27633941 1
27635429 0
27639348 1
27649576 0
27653897 1
27655456 0
27659353 1
27669581 0
27674020 1
27675476 0
27679352 1
27689571 0
27694010 1
27695475 0
27699386 1
27709600 0
27714038 1
27715471 0
27719394 1
27729584 0
27733993 1
27735470 0
27739377 1
27749580 0
27753877 1
27755484 0
27759403 1
27769607 0
27774003 1
27775492 0
27779412 1
27789616 0
27794355 1
27795466 0
27799397 1
27809601 0
27814285 1
27815481 0
27819401 1
27829629 0
27833951 1
27835514 0
27839433 1
27849607 0
27853916 1
27855479 0
27859403 1
27869631 0
27874008 1
27875512 0
27879431 1
27889635 0
27894224 1
27895492 0
27899436 1
27909655 0
27914151 1
27915497 0
27919440 1
27929645 0
27934037 1
27935525 0
27939444 1
27949625 0
27953922 1
27955505 0
27959425 1
27969662 0
27974027 1
27975515 0
27979459 1
27989673 0
27994380 1
27995497 0
27999439 1
28009672 0
28014379 1
28015505 0
28019469 1
28029657 0
28034014 1
28035549 0
28039468 1
28049673 0
28053924 1
28055554 0
28059474 1
28069657 0
28073954 1
28075537 0
28079471 1
28089662 0
28094333 1
28095554 0
28099473 1
28109725 0
28114095 1
28115560 0
28119456 1
28129661 0
28133981 1
28135564 0
28194274 1
28195574 0
28199482 1
28209709 0
28214157 1
28215590 0
28219509 1
28229691 0
28234012 1
28235571 0
28239490 1
28249719 0
28253947 1
28255581 0
28259524 1
28269728 0
28273687 1
28275609 0
28279505 1
28289710 0
28293984 1
28295614 0
28299522 1
28309712 0
28313856 1
28315604 0
28319523 1
28329681 0
28333766 1
28335632 0
28339527 1
28349713 0
28353743 1
28355594 0
28359532 1
28369730 0
28373818 1
28375622 0
28379542 1
28389698 0
28394114 1
28395649 0
28399544 1
28409726 0
28414189 1
28415622 0
28419541 1
28429749 0
28433976 1
28435630 0
28439572 1
28449754 0
28453957 1
28455635 0
28459578 1
28469760 0
28474011 1
28475656 0
28479568 1
28489777 0
28494122 1
28495658 0
28499577 1
28509757 0
28514150 1
28515662 0
28519581 1
28529761 0
28534035 1
28535660 0
28539595 1
28549757 0
28553880 1
28555684 0
28559594 1
28569761 0
28574003 1
28575657 0
28579576 1
28589789 0
28594311 1
28595658 0
28599588 1
28609792 0
28614113 1
28615672 0
28619591 1
28629773 0
28633976 1
28635677 0
28639620 1
28649778 0
28653953 1
28655686 0
28659616 1
28669775 0
28673927 1
28675684 0
28679627 1
28689808 0
28694200 1
28695689 0
28699607 1
28709813 0
28714368 1
28715699 0
28719631 1
28729815 0
28734042 1
28735696 0
28739640 1
28749820 0
28753999 1
28755700 0
28759619 1
28769813 0
28773981 1
28775710 0
28779653 1
28789810 0
28794226 1
28795714 0
28799656 1
28809838 0
28814183 1
28815723 0
28819642 1
28829842 0
28834033 1
28835714 0
28839633 1
28849815 0
28854023 1
28855724 0
28859666 1
28869848 0
28873981 1
28875729 0
28879648 1
28889847 0
28894283 1
28895752 0
28899671 1
28909833 0
28914178 1
28915738 0
28919657 1
28929838 0
28933962 1
28935742 0
28939720 1
28949839 0
28953907 1
28955735 0
28959678 1
28969860 0
28973983 1
28975764 0
28979673 1
28989864 0
28994303 1
28995759 0
28999696 1
29009862 0
29014031 1
29015759 0
29019679 1
29029860 0
29034181 1
29035764 0
29039684 1
29049888 0
29054185 1
29055789 0
29059686 1
29069895 0
29074244 1
29075756 0
29079675 1
29089904 0
29094588 1
29095762 0
29099705 1
29109909 0
29114546 1
29115823 0
29119691 1
29129881 0
29134226 1
29135785 0
29139705 1
29149909 0
29154207 1
29155794 0
29159713 1
29169893 0
29174191 1
29175794 0
29179686 1
29189918 0
29194263 1
29195802 0
29199721 1
29209925 0
29214387 1
29215805 0
29219725 1
29229929 0
29234245 1
29235785 0
29239716 1
29249922 0
29254172 1
29255802 0
29259721 1
29269927 0
29274252 1
29275811 0
29279707 1
29289934 0
29294710 1
29295788 0
29299742 1
29309946 0
29314386 1
29315827 0
29319769 1
29329905 0
29334028 1
29335809 0
29339727 1
29349936 0
29354031 1
29355820 0
29359741 1
29369931 0
29374055 1
29375807 0
29379751 1
29389941 0
29394333 1
29395836 0
29399755 1
29409964 0
29414206 1
29415840 0
29419760 1
29429917 0
29434097 1
29435821 0
29439764 1
29449946 0
29454102 1
29455826 0
29459769 1
29469964 0
29474096 1
29475857 0
29479777 1
29489934 0
29494175 1
29495842 0
29499752 1
29509965 0
29514160 1
29515870 0
29519780 1
29529966 0
29534180 1
29535861 0
29539804 1
29549962 0
29554095 1
29555847 0
29559789 1
29569947 0
29574103 1
29575874 0
29579816 1
29589986 0
29594178 1
29595855 0
29599802 1
29609983 0
29614256 1
29615863 0
29619782 1
29629963 0
29634181 1
29635891 0
29639824 1
29649981 0
29654148 1
29655849 0
29659815 1
29669999 0
29674131 1
29675879 0
29679798 1
29689957 0
29694254 1
29695902 0
29699814 1
29710000 0
29714392 1
29715880 0
29719800 1
29730005 0
29734231 1
29735889 0
29739832 1
29749989 0
29754184 1
29755865 0
29759825 1
29770017 0
29774117 1
29775889 0
29779808 1
29789990 0
29794264 1
29795917 0
29799836 1
29809995 0
29814402 1
29815901 0
29819827 1
29830021 0
29834318 1
29835916 0
29839835 1
29849992 0
29854171 1
29855872 0
29859838 1
29870019 0
29874411 1
29875900 0
29879831 1
29890040 0
29894899 1
29895898 0
29899840 1
29910046 0
29914706 1
29915903 0
29919822 1
29930028 0
29934613 1
29935916 0
29939848 1
29950051 0
29954419 1
29955908 0
29959851 1
29970056 0
29974787 1
29975881 0
29979847 1
29990040 0
29994856 1
29995887 0
29999845 1
