1534 0
7165 1
21473 0
27177 1
39434 0
48889 1
49395 0
56573 1
60365 0
68758 1
69271 0
69761 1
70260 0
71203 1
71978 0
76239 1
80662 0
669639 1
670410 0
670896 1
671383 0
671861 1
672348 0
673193 1
673696 0
676369 1
680568 0
688554 1
689544 0
690026 1
690536 0
691783 1
692348 0
696290 1
700536 0
708332 1
709384 0
709866 1
710433 0
710915 1
711425 0
711899 1
712433 0
713223 1
713721 0
716100 1
720052 0
720546 1
721032 0
728506 1
729417 0
729899 1
730409 0
730907 1
731394 0
731877 1
732631 0
734174 1
734668 0
736194 1
740617 0
748379 1
750284 0
750766 1
751299 0
751774 1
752308 0
752829 1
753315 0
754105 1
754600 0
756091 1
760677 0
768474 1
769859 0
770421 1
770935 0
771413 1
772333 0
772839 1
773334 0
776110 1
780758 0
788366 1
790844 0
791326 1
791837 0
792311 1
793565 0
796070 1
800612 0
807998 1
809436 0
809918 1
810508 0
810991 1
811504 0
811979 1
812923 0
813720 1
814215 0
815847 1
820855 0
828380 1
830240 0
830722 1
831737 0
832219 1
833139 0
835914 1
840745 0
848390 1
850656 0
851138 1
852878 0
853431 1
854727 0
855970 1
860630 0
877655 1
879493 0
897117 1
899889 0
909333 1
909827 0
916866 1
920151 0
930627 1
931130 0
931735 1
932221 0
933581 1
934155 0
936608 1
940389 0
948620 1
949796 0
951366 1
951860 0
956513 1
960561 0
968580 1
969609 0
970115 1
970601 0
971836 1
972398 0
973741 1
974235 0
976278 1
980571 0
987980 1
988476 0
988956 1
990483 0
990966 1
992295 0
992781 1
993268 0
996302 1
1000655 0
1008389 1
1011113 0
1011596 1
1012352 0
1012835 1
1013322 0
1013868 1
1014356 0
1015636 1
1016131 0
1016607 1
1020743 0
1028370 1
1032408 0
1032891 1
1033425 0
1035997 1
1040875 0
1048334 1
1049797 0
1050280 1
1053377 0
1053860 1
1054347 0
1055875 1
1060833 0
1067789 1
1068285 0
1068760 1
1073723 0
1074207 1
1074698 0
1075828 1
1080847 0
1088282 1
1093394 0
1093877 1
1095135 0
1095843 1
1100906 0
1108245 1
1112900 0
1113384 1
1113895 0
1114421 1
1114908 0
1115605 1
1116147 0
1116623 1
1120905 0
1128099 1
1133798 0
1134282 1
1134769 0
1135409 1
1140539 0
1141464 1
1141959 0
1148184 1
1154011 0
1154503 1
1154999 0
1156260 1
1160960 0
1168170 1
1173551 0
1174109 1
1174667 0
1175364 1
1180910 0
1188194 1
1192590 0
1193073 1
1194207 0
1195273 1
1200993 0
1208133 1
1212280 0
1212763 1
1213661 0
1214144 1
1214734 0
1215312 1
1215823 0
1216302 1
1220928 0
1228164 1
1233616 0
1235064 1
1235647 0
1236138 1
1240909 0
1248155 1
1253771 0
1254254 1
1254741 0
1255287 1
1255972 0
1256455 1
1260987 0
1268153 1
1269869 0
1270439 1
1270935 0
1276923 1
1277419 0
1277894 1
1278381 0
1278863 1
1279350 0
1297093 1
1299937 0
1316646 1
1320308 0
1328999 1
1329502 0
1330585 1
1331080 0
1331942 1
1332437 0
1336482 1
1340541 0
1348632 1
1349596 0
1350127 1
1350614 0
1351907 1
1352528 0
1353133 1
1353634 0
1356378 1
1360672 0
1368424 1
1372233 0
1372716 1
1373227 0
1375704 1
1376420 0
1376904 1
1380769 0
1388337 1
1393066 0
1393596 1
1394084 0
1395671 1
1396367 0
1396851 1
1400822 0
1408303 1
1409412 0
1409895 1
1411880 0
1413160 1
1413731 0
1414406 1
1414894 0
1415590 1
1420901 0
1427997 1
1428540 0
1429021 1
1433512 0
1434193 1
1434688 0
1435187 1
1440873 0
1448102 1
1451544 0
1452035 1
1453365 0
1453919 1
1454411 0
1455635 1
1460876 0
1468148 1
1473341 0
1473872 1
1475120 0
1475753 1
1480844 0
1487751 1
1492624 0
1493107 1
1493618 0
1494338 1
1494834 0
1495766 1
1500880 0
1508172 1
1510407 0
1511696 1
1513739 0
1514267 1
1514762 0
1515308 1
1515819 0
1516295 1
1520655 0
1528066 1
1533587 0
1534118 1
1534605 0
1535641 1
1540920 0
1548194 1
1553476 0
1554157 1
1554652 0
1555363 1
1560934 0
1568076 1
1573716 0
1574246 1
1574734 0
1575407 1
1575906 0
1577168 1
1580931 0
1588001 1
1590189 0
1590672 1
1592539 0
1593022 1
1593769 0
1594277 1
1594796 0
1595342 1
1600953 0
1608174 1
1613921 0
1614500 1
1615000 0
1615569 1
1620920 0
1628063 1
1630070 0
1630553 1
1631356 0
1631839 1
1632878 0
1633361 1
1634640 0
1635271 1
1641015 0
1648189 1
1653900 0
1654383 1
1654871 0
1655638 1
1661043 0
1668091 1
1674165 0
1674751 1
1675247 0
1676509 1
1680610 0
1697189 1
1699813 0
1716887 1
1720154 0
1729038 1
1729534 0
1736631 1
1740483 0
1748747 1
1749343 0
1749818 1
1800833 0
1808415 1
1813123 0
1813662 1
1814158 0
1815886 1
1820906 0
1828318 1
1832681 0
1833164 1
1833675 0
1834443 1
1835721 0
1836287 1
1840920 0
1848203 1
1848951 0
1849434 1
1853783 0
1854266 1
1854754 0
1855309 1
1855828 0
1856304 1
1860952 0
1868157 1
1873734 0
1874229 1
1874717 0
1875192 1
1875727 0
1876206 1
1880925 0
1888172 1
1889619 0
1890102 1
1890929 0
1891412 1
1893994 0
1894572 1
1895064 0
1895586 1
1901031 0
1908162 1
1912083 0
1912575 1
1913646 0
1914129 1
1914616 0
1915092 1
1915579 0
1916815 1
1920992 0
1928197 1
1933987 0
1934471 1
1934986 0
1935461 1
1941047 0
1948049 1
1950390 0
1950873 1
1954017 0
1954501 1
1961032 0
1967983 1
1974719 0
1975250 1
1975761 0
1976236 1
1981074 0
1987594 1
1988089 0
1988565 1
1993761 0
1994253 1
2001053 0
2007998 1
2008553 0
2009042 1
2013297 0
2013780 1
2014747 0
2015230 1
2021062 0
2027817 1
2030347 0
2030839 1
2034522 0
2035765 1
2041044 0
2047919 1
2054603 0
2055086 1
2055573 0
2056048 1
2061035 0
2067839 1
2074719 0
2075201 1
2081103 0
2088000 1
2090646 0
2091220 1
2091782 0
2097230 1
2098191 0
2098796 1
2099286 0
2099959 1
2100454 0
2117030 1
2120267 0
2136614 1
2140687 0
2148555 1
2149891 0
2150385 1
2150873 0
2151371 1
2151985 0
2152515 1
2153002 0
2156251 1
2160767 0
2168443 1
2170488 0
2170980 1
2172909 0
2173535 1
2174038 0
2174725 1
2175212 0
2176003 1
2180928 0
2188363 1
2193497 0
2194051 1
2194562 0
2195352 1
2201072 0
2208085 1
2212265 0
2212748 1
2214078 0
2214561 1
2215048 0
2215523 1
2221094 0
2228094 1
2234213 0
2235129 1
2235704 0
2236954 1
2241055 0
2247982 1
2253787 0
2254271 1
2254885 0
2255367 1
2261270 0
2268049 1
2274776 0
2275267 1
2281204 0
2287621 1
2292342 0
2292913 1
2293987 0
2294470 1
2295367 0
2295878 1
2301298 0
2307898 1
2313587 0
2314070 1
2314873 0
2315356 1
2321210 0
2327894 1
2334611 0
2335106 1
2335624 0
2336123 1
2340843 0
2348452 1
2350908 0
2351391 1
2352852 0
2356330 1
2360812 0
2368492 1
2370631 0
2371210 1
2372449 0
2373027 1
2373514 0
2376235 1
2380726 0
2388548 1
2390759 0
2391246 1
2391780 0
2392255 1
2393542 0
2396373 1
2400600 0
2408548 1
2409940 0
2410470 1
2411004 0
2411526 1
2412070 0
2412647 1
2413138 0
2416458 1
2420729 0
2428676 1
2430345 0
2430839 1
2431354 0
2431829 1
2432316 0
2432791 1
2433278 0
2436456 1
2440750 0
